2004-03-14 0 0 0 0
2004-03-15 0 0 0 0
2004-03-16 0 0 0 0
2004-03-17 0 0 0 0
2004-03-18 0 0 0 0
2004-03-19 0 0 0 0
2004-03-20 0 0 0 0
2004-03-21 0 0 0 0
2004-03-22 0 0 0 0
2004-03-23 0 0 0 0
2004-03-24 0 0 0 0
2004-03-25 0 0 0 0
2004-03-26 0 0 0 0
2004-03-27 0 0 0 0
2004-03-28 0 0 0 0
2004-03-29 0 0 0 0
2004-03-30 0 0 0 0
2004-03-31 0 0 0 0
2004-04-01 0 0 0 0
2004-04-02 0 0 0 0
2004-04-03 0 0 0 0
2004-04-04 0 0 0 0
2004-04-05 0 0 0 0
2004-04-06 0 0 0 0
2004-04-07 0 0 0 0
2004-04-08 0 0 0 0
2004-04-09 0 0 0 0
2004-04-10 0 0 0 0
2004-04-11 0 0 0 0
2004-04-12 0 0 0 0
2004-04-13 0 0 0 0
2004-04-14 0 0 0 0
2004-04-15 0 0 0 0
2004-04-16 0 0 0 0
2004-04-17 0 0 0 0
2004-04-18 0 0 0 0
2004-04-19 0 0 0 0
2004-04-20 0 0 0 0
2004-04-21 0 0 0 0
2004-04-22 0 0 0 0
2004-04-23 0 0 0 0
2004-04-24 0 0 0 0
2004-04-25 0 0 0 0
2004-04-26 0 0 0 0
2004-04-27 0 0 0 0
2004-04-28 0 0 0 0
2004-04-29 0 0 0 0
2004-04-30 0 0 0 0
2004-05-01 0 0 0 0
2004-05-02 0 0 0 0
2004-05-03 0 0 0 0
2004-05-04 0 0 0 0
2004-05-05 0 0 0 0
2004-05-06 0 0 0 0
2004-05-07 0 0 0 0
2004-05-08 0 0 0 0
2004-05-09 0 0 0 0
2004-05-10 0 0 0 0
2004-05-11 0 0 0 0
2004-05-12 0 0 0 0
2004-05-13 0 0 0 0
2004-05-14 0 0 0 0
2004-05-15 0 0 0 0
2004-05-16 0 0 0 0
2004-05-17 0 0 0 0
2004-05-18 0 0 0 0
2004-05-19 0 0 0 0
2004-05-20 0 0 0 0
2004-05-21 0 0 0 0
2004-05-22 0 0 0 0
2004-05-23 0 0 0 0
2004-05-24 0 0 0 0
2004-05-25 0 0 0 0
2004-05-26 0 0 0 0
2004-05-27 0 0 0 0
2004-05-28 0 0 0 0
2004-05-29 0 0 0 0
2004-05-30 0 0 0 0
2004-05-31 0 0 0 0
2004-06-01 0 0 0 0
2004-06-02 0 0 0 0
2004-06-03 0 0 0 0
2004-06-04 0 0 0 0
2004-06-05 0 0 0 0
2004-06-06 0 0 0 0
2004-06-07 0 0 0 0
2004-06-08 0 0 0 0
2004-06-09 0 0 0 0
2004-06-10 0 0 0 0
2004-06-11 0 0 0 0
2004-06-12 0 0 0 0
2004-06-13 0 0 0 0
2004-06-14 0 0 0 0
2004-06-15 0 0 0 0
2004-06-16 0 0 0 0
2004-06-17 0 0 0 0
2004-06-18 0 0 0 0
2004-06-19 0 0 0 0
2004-06-20 0 0 0 0
2004-06-21 0 0 0 0
2004-06-22 0 0 0 0
2004-06-23 0 0 0 0
2004-06-24 0 0 0 0
2004-06-25 0 0 0 0
2004-06-26 0 0 0 0
2004-06-27 0 0 0 0
2004-06-28 0 0 0 0
2004-06-29 0 0 0 0
2004-06-30 0 0 0 0
2004-07-01 0 0 0 0
2004-07-02 0 0 0 0
2004-07-03 0 0 0 0
2004-07-04 0 0 0 0
2004-07-05 0 0 0 0
2004-07-06 0 0 0 0
2004-07-07 0 0 0 0
2004-07-08 0 0 0 0
2004-07-09 0 0 0 0
2004-07-10 0 0 0 0
2004-07-11 0 0 0 0
2004-07-12 0 0 0 0
2004-07-13 0 0 0 0
2004-07-14 0 0 0 0
2004-07-15 0 0 0 0
2004-07-16 0 0 0 0
2004-07-17 0 0 0 0
2004-07-18 0 0 0 0
2004-07-19 0 0 0 0
2004-07-20 0 0 0 0
2004-07-21 0 0 0 0
2004-07-22 0 0 0 0
2004-07-23 0 0 0 0
2004-07-24 0 0 0 0
2004-07-25 0 0 0 0
2004-07-26 0 0 0 0
2004-07-27 0 0 0 0
2004-07-28 0 0 0 0
2004-07-29 0 0 0 0
2004-07-30 0 0 0 0
2004-07-31 0 0 0 0
2004-08-01 0 0 0 0
2004-08-02 0 0 0 0
2004-08-03 0 0 0 0
2004-08-04 0 0 0 0
2004-08-05 0 0 0 0
2004-08-06 0 0 0 0
2004-08-07 0 0 0 0
2004-08-08 0 0 0 0
2004-08-09 0 0 0 0
2004-08-10 0 0 0 0
2004-08-11 0 0 0 0
2004-08-12 0 0 0 0
2004-08-13 0 0 0 0
2004-08-14 0 0 0 0
2004-08-15 0 0 0 0
2004-08-16 0 0 0 0
2004-08-17 0 0 0 0
2004-08-18 0 0 2 2
2004-08-19 0 0 2 2
2004-08-20 0 0 2 2
2004-08-21 0 0 2 2
2004-08-22 0 0 2 2
2004-08-23 0 0 2 2
2004-08-24 0 0 2 2
2004-08-25 0 0 2 2
2004-08-26 0 0 2 2
2004-08-27 0 0 2 2
2004-08-28 0 0 2 2
2004-08-29 0 0 2 2
2004-08-30 0 0 2 2
2004-08-31 0 0 2 2
2004-09-01 0 0 2 2
2004-09-02 0 0 2 2
2004-09-03 0 0 2 2
2004-09-04 0 0 2 2
2004-09-05 0 0 2 2
2004-09-06 0 0 2 2
2004-09-07 0 0 2 2
2004-09-08 0 0 2 2
2004-09-09 0 0 2 2
2004-09-10 0 0 2 2
2004-09-11 0 0 2 2
2004-09-12 0 0 2 2
2004-09-13 0 0 2 2
2004-09-14 0 0 2 2
2004-09-15 1 0 3 4
2004-09-16 1 0 3 4
2004-09-17 4 0 3 7
2004-09-18 4 0 3 7
2004-09-19 4 0 5 9
2004-09-20 5 1 5 11
2004-09-21 5 1 5 11
2004-09-22 5 1 5 11
2004-09-23 6 1 5 12
2004-09-24 6 1 6 13
2004-09-25 6 1 7 14
2004-09-26 7 1 7 15
2004-09-27 9 2 7 18
2004-09-28 9 2 7 18
2004-09-29 9 3 7 19
2004-09-30 11 5 6 22
2004-10-01 14 7 5 26
2004-10-02 14 7 7 28
2004-10-03 14 7 7 28
2004-10-04 14 7 7 28
2004-10-05 14 7 7 28
2004-10-06 15 7 7 29
2004-10-07 17 7 7 31
2004-10-08 18 7 7 32
2004-10-09 18 7 7 32
2004-10-10 18 7 7 32
2004-10-11 18 7 7 32
2004-10-12 18 7 7 32
2004-10-13 18 7 7 32
2004-10-14 19 7 7 33
2004-10-15 19 7 7 33
2004-10-16 19 7 8 34
2004-10-17 19 7 8 34
2004-10-18 19 7 8 34
2004-10-19 19 7 8 34
2004-10-20 21 7 8 36
2004-10-21 21 7 10 38
2004-10-22 21 7 11 39
2004-10-23 21 8 13 42
2004-10-24 22 8 14 44
2004-10-25 22 9 19 50
2004-10-26 22 9 19 50
2004-10-27 23 9 22 54
2004-10-28 23 9 22 54
2004-10-29 25 9 22 56
2004-10-30 25 9 22 56
2004-10-31 25 9 23 57
2004-11-01 25 10 25 60
2004-11-02 26 10 25 61
2004-11-03 27 10 25 62
2004-11-04 28 10 25 63
2004-11-05 29 10 25 64
2004-11-06 29 10 25 64
2004-11-07 29 10 25 64
2004-11-08 30 10 25 65
2004-11-09 30 10 25 65
2004-11-10 30 10 25 65
2004-11-11 30 10 25 65
2004-11-12 31 10 25 66
2004-11-13 31 10 25 66
2004-11-14 31 10 25 66
2004-11-15 31 10 26 67
2004-11-16 31 10 26 67
2004-11-17 32 10 26 68
2004-11-18 34 10 26 70
2004-11-19 35 10 26 71
2004-11-20 35 10 26 71
2004-11-21 35 10 26 71
2004-11-22 35 10 26 71
2004-11-23 35 11 27 73
2004-11-24 35 11 27 73
2004-11-25 36 11 27 74
2004-11-26 36 11 27 74
2004-11-27 36 11 27 74
2004-11-28 37 11 28 76
2004-11-29 38 11 28 77
2004-11-30 38 11 28 77
2004-12-01 40 12 27 79
2004-12-02 40 12 27 79
2004-12-03 40 12 27 79
2004-12-04 40 12 27 79
2004-12-05 40 12 27 79
2004-12-06 40 12 27 79
2004-12-07 40 12 28 80
2004-12-08 40 12 28 80
2004-12-09 41 12 28 81
2004-12-10 41 12 28 81
2004-12-11 41 12 28 81
2004-12-12 42 13 27 82
2004-12-13 43 13 27 83
2004-12-14 43 13 27 83
2004-12-15 43 13 27 83
2004-12-16 43 13 27 83
2004-12-17 43 13 27 83
2004-12-18 43 13 27 83
2004-12-19 44 13 27 84
2004-12-20 46 13 28 87
2004-12-21 46 14 28 88
2004-12-22 46 14 29 89
2004-12-23 46 14 29 89
2004-12-24 46 14 29 89
2004-12-25 46 14 29 89
2004-12-26 46 14 29 89
2004-12-27 46 14 29 89
2004-12-28 46 14 29 89
2004-12-29 47 14 29 90
2004-12-30 48 14 29 91
2004-12-31 48 14 29 91
2005-01-01 48 14 29 91
2005-01-02 48 14 29 91
2005-01-03 48 14 29 91
2005-01-04 49 14 29 92
2005-01-05 49 14 29 92
2005-01-06 50 14 29 93
2005-01-07 51 14 30 95
2005-01-08 51 14 30 95
2005-01-09 51 14 30 95
2005-01-10 51 14 30 95
2005-01-11 52 14 31 97
2005-01-12 52 14 31 97
2005-01-13 53 14 31 98
2005-01-14 53 14 31 98
2005-01-15 53 14 32 99
2005-01-16 54 14 32 100
2005-01-17 54 14 32 100
2005-01-18 54 14 32 100
2005-01-19 55 14 32 101
2005-01-20 55 14 32 101
2005-01-21 55 14 32 101
2005-01-22 55 14 32 101
2005-01-23 55 14 32 101
2005-01-24 55 14 32 101
2005-01-25 55 14 32 101
2005-01-26 56 14 32 102
2005-01-27 56 14 32 102
2005-01-28 56 14 33 103
2005-01-29 56 14 33 103
2005-01-30 56 14 33 103
2005-01-31 56 14 33 103
2005-02-01 56 14 33 103
2005-02-02 56 14 33 103
2005-02-03 56 14 33 103
2005-02-04 57 14 34 105
2005-02-05 57 14 34 105
2005-02-06 57 14 34 105
2005-02-07 58 14 34 106
2005-02-08 63 14 34 111
2005-02-09 66 14 34 114
2005-02-10 68 14 34 116
2005-02-11 68 14 34 116
2005-02-12 69 14 34 117
2005-02-13 71 14 34 119
2005-02-14 71 14 34 119
2005-02-15 73 14 35 122
2005-02-16 75 14 35 124
2005-02-17 76 14 35 125
2005-02-18 76 14 35 125
2005-02-19 76 14 35 125
2005-02-20 77 14 36 127
2005-02-21 79 14 36 129
2005-02-22 79 14 36 129
2005-02-23 80 14 36 130
2005-02-24 80 14 38 132
2005-02-25 80 14 38 132
2005-02-26 80 14 38 132
2005-02-27 80 14 38 132
2005-02-28 80 14 38 132
2005-03-01 80 14 38 132
2005-03-02 80 14 38 132
2005-03-03 80 15 38 133
2005-03-04 81 15 38 134
2005-03-05 81 15 38 134
2005-03-06 82 15 38 135
2005-03-07 82 15 38 135
2005-03-08 82 15 38 135
2005-03-09 83 15 38 136
2005-03-10 84 15 38 137
2005-03-11 84 16 38 138
2005-03-12 84 16 38 138
2005-03-13 84 16 38 138
2005-03-14 84 16 38 138
2005-03-15 85 16 38 139
2005-03-16 85 16 38 139
2005-03-17 86 17 39 142
2005-03-18 86 17 39 142
2005-03-19 87 17 40 144
2005-03-20 87 17 40 144
2005-03-21 88 18 40 146
2005-03-22 88 18 40 146
2005-03-23 88 18 40 146
2005-03-24 88 18 40 146
2005-03-25 90 18 40 148
2005-03-26 92 18 43 153
2005-03-27 93 18 43 154
2005-03-28 93 18 43 154
2005-03-29 93 18 43 154
2005-03-30 94 18 43 155
2005-03-31 94 18 43 155
2005-04-01 94 18 43 155
2005-04-02 94 18 43 155
2005-04-03 94 18 43 155
2005-04-04 94 18 43 155
2005-04-05 95 18 43 156
2005-04-06 95 18 43 156
2005-04-07 96 18 43 157
2005-04-08 97 18 43 158
2005-04-09 99 18 44 161
2005-04-10 100 18 45 163
2005-04-11 100 18 46 164
2005-04-12 100 18 46 164
2005-04-13 101 18 46 165
2005-04-14 103 18 46 167
2005-04-15 104 19 46 169
2005-04-16 104 19 46 169
2005-04-17 106 19 46 171
2005-04-18 107 19 46 172
2005-04-19 109 19 48 176
2005-04-20 109 19 49 177
2005-04-21 109 19 49 177
2005-04-22 109 19 49 177
2005-04-23 109 19 49 177
2005-04-24 109 19 49 177
2005-04-25 109 19 49 177
2005-04-26 109 19 50 178
2005-04-27 109 19 51 179
2005-04-28 109 19 51 179
2005-04-29 111 19 52 182
2005-04-30 111 19 52 182
2005-05-01 111 19 52 182
2005-05-02 111 20 52 183
2005-05-03 111 20 52 183
2005-05-04 111 20 52 183
2005-05-05 111 20 52 183
2005-05-06 111 20 52 183
2005-05-07 111 20 52 183
2005-05-08 111 20 53 184
2005-05-09 111 20 53 184
2005-05-10 111 20 53 184
2005-05-11 112 20 53 185
2005-05-12 112 20 53 185
2005-05-13 112 20 53 185
2005-05-14 112 20 53 185
2005-05-15 114 20 53 187
2005-05-16 114 20 53 187
2005-05-17 114 20 53 187
2005-05-18 114 20 53 187
2005-05-19 115 20 53 188
2005-05-20 115 20 53 188
2005-05-21 117 20 53 190
2005-05-22 117 20 53 190
2005-05-23 117 20 53 190
2005-05-24 118 20 53 191
2005-05-25 118 20 53 191
2005-05-26 118 20 53 191
2005-05-27 118 20 53 191
2005-05-28 118 20 53 191
2005-05-29 118 20 53 191
2005-05-30 118 20 53 191
2005-05-31 118 20 53 191
2005-06-01 118 21 54 193
2005-06-02 119 21 54 194
2005-06-03 119 22 55 196
2005-06-04 120 22 57 199
2005-06-05 121 22 57 200
2005-06-06 122 23 56 201
2005-06-07 124 23 56 203
2005-06-08 127 24 56 207
2005-06-09 128 24 56 208
2005-06-10 128 24 57 209
2005-06-11 129 25 56 210
2005-06-12 131 26 56 213
2005-06-13 131 26 56 213
2005-06-14 132 27 55 214
2005-06-15 133 27 55 215
2005-06-16 133 27 55 215
2005-06-17 135 27 56 218
2005-06-18 135 27 57 219
2005-06-19 136 27 57 220
2005-06-20 136 27 57 220
2005-06-21 136 27 57 220
2005-06-22 136 27 57 220
2005-06-23 136 27 57 220
2005-06-24 137 27 57 221
2005-06-25 137 27 57 221
2005-06-26 137 27 57 221
2005-06-27 137 27 58 222
2005-06-28 138 27 58 223
2005-06-29 138 27 58 223
2005-06-30 138 27 58 223
2005-07-01 138 27 58 223
2005-07-02 138 27 58 223
2005-07-03 140 27 58 225
2005-07-04 141 27 58 226
2005-07-05 141 27 58 226
2005-07-06 141 27 58 226
2005-07-07 142 27 59 228
2005-07-08 142 27 59 228
2005-07-09 142 27 59 228
2005-07-10 143 27 59 229
2005-07-11 143 27 59 229
2005-07-12 143 27 59 229
2005-07-13 143 27 60 230
2005-07-14 143 27 60 230
2005-07-15 143 27 60 230
2005-07-16 143 27 60 230
2005-07-17 144 27 60 231
2005-07-18 146 27 61 234
2005-07-19 146 27 61 234
2005-07-20 147 27 61 235
2005-07-21 147 27 61 235
2005-07-22 147 27 61 235
2005-07-23 147 27 61 235
2005-07-24 147 27 62 236
2005-07-25 148 27 65 240
2005-07-26 148 27 65 240
2005-07-27 148 27 65 240
2005-07-28 148 27 66 241
2005-07-29 149 27 66 242
2005-07-30 149 27 67 243
2005-07-31 149 27 67 243
2005-08-01 150 27 70 247
2005-08-02 150 27 70 247
2005-08-03 150 27 71 248
2005-08-04 150 27 73 250
2005-08-05 150 27 73 250
2005-08-06 151 27 74 252
2005-08-07 151 27 75 253
2005-08-08 151 27 75 253
2005-08-09 153 27 75 255
2005-08-10 154 27 75 256
2005-08-11 155 28 76 259
2005-08-12 156 28 77 261
2005-08-13 156 29 77 262
2005-08-14 157 29 77 263
2005-08-15 157 29 77 263
2005-08-16 157 29 77 263
2005-08-17 158 29 78 265
2005-08-18 159 29 78 266
2005-08-19 159 29 78 266
2005-08-20 159 29 78 266
2005-08-21 159 29 78 266
2005-08-22 160 30 78 268
2005-08-23 160 30 78 268
2005-08-24 160 30 78 268
2005-08-25 162 30 78 270
2005-08-26 162 30 78 270
2005-08-27 162 30 78 270
2005-08-28 162 31 79 272
2005-08-29 163 32 79 274
2005-08-30 167 32 79 278
2005-08-31 167 32 80 279
2005-09-01 169 32 80 281
2005-09-02 169 32 81 282
2005-09-03 170 32 81 283
2005-09-04 170 32 81 283
2005-09-05 171 32 81 284
2005-09-06 172 32 81 285
2005-09-07 172 32 82 286
2005-09-08 173 32 82 287
2005-09-09 174 33 81 288
2005-09-10 174 33 81 288
2005-09-11 176 33 81 290
2005-09-12 176 33 82 291
2005-09-13 176 33 83 292
2005-09-14 176 33 83 292
2005-09-15 177 33 84 294
2005-09-16 177 33 84 294
2005-09-17 177 33 85 295
2005-09-18 177 34 87 298
2005-09-19 177 34 87 298
2005-09-20 177 34 87 298
2005-09-21 177 34 87 298
2005-09-22 177 34 87 298
2005-09-23 177 34 87 298
2005-09-24 177 34 87 298
2005-09-25 177 34 87 298
2005-09-26 178 34 87 299
2005-09-27 178 34 87 299
2005-09-28 178 34 87 299
2005-09-29 178 35 88 301
2005-09-30 179 36 87 302
2005-10-01 180 37 87 304
2005-10-02 180 37 89 306
2005-10-03 180 38 89 307
2005-10-04 180 38 89 307
2005-10-05 180 39 89 308
2005-10-06 181 40 88 309
2005-10-07 181 40 88 309
2005-10-08 181 40 88 309
2005-10-09 181 40 88 309
2005-10-10 182 40 88 310
2005-10-11 182 40 88 310
2005-10-12 183 40 88 311
2005-10-13 185 40 90 315
2005-10-14 186 40 90 316
2005-10-15 186 40 91 317
2005-10-16 186 40 91 317
2005-10-17 187 40 93 320
2005-10-18 189 41 93 323
2005-10-19 190 42 94 326
2005-10-20 190 42 94 326
2005-10-21 190 42 95 327
2005-10-22 191 42 95 328
2005-10-23 192 43 97 332
2005-10-24 192 43 97 332
2005-10-25 192 44 98 334
2005-10-26 192 44 98 334
2005-10-27 192 44 99 335
2005-10-28 192 44 101 337
2005-10-29 192 44 101 337
2005-10-30 192 44 101 337
2005-10-31 192 44 102 338
2005-11-01 193 45 102 340
2005-11-02 193 45 103 341
2005-11-03 193 45 105 343
2005-11-04 193 45 105 343
2005-11-05 194 45 105 344
2005-11-06 195 45 105 345
2005-11-07 196 45 105 346
2005-11-08 196 45 106 347
2005-11-09 197 45 109 351
2005-11-10 197 45 110 352
2005-11-11 197 45 110 352
2005-11-12 197 45 110 352
2005-11-13 197 46 110 353
2005-11-14 197 46 111 354
2005-11-15 198 46 113 357
2005-11-16 198 46 113 357
2005-11-17 198 47 113 358
2005-11-18 199 49 113 361
2005-11-19 199 50 114 363
2005-11-20 199 51 115 365
2005-11-21 199 51 115 365
2005-11-22 199 53 115 367
2005-11-23 199 53 116 368
2005-11-24 199 53 116 368
2005-11-25 200 53 116 369
2005-11-26 201 53 117 371
2005-11-27 201 53 118 372
2005-11-28 201 53 118 372
2005-11-29 202 53 118 373
2005-11-30 202 53 121 376
2005-12-01 202 53 121 376
2005-12-02 203 53 122 378
2005-12-03 203 53 122 378
2005-12-04 203 53 122 378
2005-12-05 203 53 122 378
2005-12-06 203 53 124 380
2005-12-07 205 53 126 384
2005-12-08 205 53 126 384
2005-12-09 205 53 128 386
2005-12-10 205 53 128 386
2005-12-11 205 53 128 386
2005-12-12 207 53 129 389
2005-12-13 207 53 129 389
2005-12-14 207 53 129 389
2005-12-15 208 53 129 390
2005-12-16 208 53 129 390
2005-12-17 209 53 129 391
2005-12-18 209 53 129 391
2005-12-19 210 53 130 393
2005-12-20 210 53 131 394
2005-12-21 210 53 131 394
2005-12-22 210 53 132 395
2005-12-23 210 53 132 395
2005-12-24 210 53 132 395
2005-12-25 210 53 132 395
2005-12-26 210 53 132 395
2005-12-27 210 53 132 395
2005-12-28 210 53 132 395
2005-12-29 211 53 134 398
2005-12-30 212 53 134 399
2005-12-31 212 53 134 399
2006-01-01 212 53 134 399
2006-01-02 213 54 133 400
2006-01-03 214 55 133 402
2006-01-04 215 55 133 403
2006-01-05 216 55 133 404
2006-01-06 216 55 133 404
2006-01-07 216 55 133 404
2006-01-08 217 56 133 406
2006-01-09 217 56 134 407
2006-01-10 218 56 134 408
2006-01-11 220 57 134 411
2006-01-12 220 57 134 411
2006-01-13 220 57 134 411
2006-01-14 220 57 135 412
2006-01-15 220 57 137 414
2006-01-16 220 57 138 415
2006-01-17 220 59 141 420
2006-01-18 222 59 141 422
2006-01-19 222 59 142 423
2006-01-20 222 60 142 424
2006-01-21 222 61 142 425
2006-01-22 222 61 142 425
2006-01-23 222 61 143 426
2006-01-24 222 62 145 429
2006-01-25 222 62 145 429
2006-01-26 223 62 145 430
2006-01-27 223 62 147 432
2006-01-28 224 62 148 434
2006-01-29 224 62 148 434
2006-01-30 224 62 148 434
2006-01-31 225 63 149 437
2006-02-01 225 63 150 438
2006-02-02 226 63 150 439
2006-02-03 226 63 150 439
2006-02-04 226 63 150 439
2006-02-05 227 63 151 441
2006-02-06 227 63 151 441
2006-02-07 227 63 151 441
2006-02-08 227 63 152 442
2006-02-09 227 63 152 442
2006-02-10 227 63 152 442
2006-02-11 227 63 152 442
2006-02-12 228 63 154 445
2006-02-13 228 64 154 446
2006-02-14 228 64 154 446
2006-02-15 229 65 154 448
2006-02-16 229 65 154 448
2006-02-17 229 65 154 448
2006-02-18 229 65 154 448
2006-02-19 230 65 154 449
2006-02-20 230 65 156 451
2006-02-21 234 65 156 455
2006-02-22 235 65 156 456
2006-02-23 235 66 156 457
2006-02-24 236 66 156 458
2006-02-25 238 67 156 461
2006-02-26 239 67 156 462
2006-02-27 239 67 156 462
2006-02-28 239 67 158 464
2006-03-01 239 67 158 464
2006-03-02 239 67 158 464
2006-03-03 240 67 158 465
2006-03-04 240 67 158 465
2006-03-05 240 67 158 465
2006-03-06 240 68 161 469
2006-03-07 240 68 161 469
2006-03-08 240 68 161 469
2006-03-09 240 68 162 470
2006-03-10 240 68 162 470
2006-03-11 240 68 162 470
2006-03-12 240 68 163 471
2006-03-13 241 68 164 473
2006-03-14 242 68 165 475
2006-03-15 242 68 165 475
2006-03-16 242 68 166 476
2006-03-17 242 68 166 476
2006-03-18 242 69 166 477
2006-03-19 242 69 166 477
2006-03-20 242 69 166 477
2006-03-21 242 69 167 478
2006-03-22 243 69 168 480
2006-03-23 243 69 171 483
2006-03-24 245 69 172 486
2006-03-25 246 69 172 487
2006-03-26 246 70 172 488
2006-03-27 246 70 173 489
2006-03-28 246 70 174 490
2006-03-29 247 70 174 491
2006-03-30 247 70 175 492
2006-03-31 247 70 175 492
2006-04-01 247 70 175 492
2006-04-02 247 70 175 492
2006-04-03 247 70 175 492
2006-04-04 247 70 175 492
2006-04-05 249 71 174 494
2006-04-06 250 71 175 496
2006-04-07 251 72 174 497
2006-04-08 251 73 174 498
2006-04-09 251 73 178 502
2006-04-10 251 74 178 503
2006-04-11 252 74 179 505
2006-04-12 252 74 180 506
2006-04-13 254 74 183 511
2006-04-14 254 75 183 512
2006-04-15 255 75 183 513
2006-04-16 258 75 185 518
2006-04-17 258 75 186 519
2006-04-18 258 75 190 523
2006-04-19 258 75 190 523
2006-04-20 259 75 191 525
2006-04-21 259 75 191 525
2006-04-22 259 75 192 526
2006-04-23 261 75 196 532
2006-04-24 263 75 198 536
2006-04-25 263 75 201 539
2006-04-26 263 75 201 539
2006-04-27 263 75 202 540
2006-04-28 264 75 204 543
2006-04-29 264 75 204 543
2006-04-30 265 76 203 544
2006-05-01 266 76 203 545
2006-05-02 266 76 203 545
2006-05-03 266 76 203 545
2006-05-04 267 76 203 546
2006-05-05 267 76 203 546
2006-05-06 267 76 203 546
2006-05-07 268 76 204 548
2006-05-08 268 76 205 549
2006-05-09 268 76 205 549
2006-05-10 268 77 205 550
2006-05-11 269 77 206 552
2006-05-12 269 79 206 554
2006-05-13 269 79 207 555
2006-05-14 269 79 207 555
2006-05-15 269 79 207 555
2006-05-16 269 79 208 556
2006-05-17 270 79 208 557
2006-05-18 270 79 208 557
2006-05-19 270 79 208 557
2006-05-20 270 79 208 557
2006-05-21 271 79 208 558
2006-05-22 271 79 209 559
2006-05-23 272 79 209 560
2006-05-24 273 79 209 561
2006-05-25 274 79 210 563
2006-05-26 275 79 210 564
2006-05-27 275 80 210 565
2006-05-28 275 80 210 565
2006-05-29 276 80 210 566
2006-05-30 278 81 211 570
2006-05-31 278 81 211 570
2006-06-01 278 81 212 571
2006-06-02 278 81 212 571
2006-06-03 279 81 212 572
2006-06-04 279 81 212 572
2006-06-05 280 82 211 573
2006-06-06 281 82 213 576
2006-06-07 281 83 213 577
2006-06-08 282 83 213 578
2006-06-09 283 83 213 579
2006-06-10 283 85 214 582
2006-06-11 283 85 214 582
2006-06-12 283 85 216 584
2006-06-13 283 85 218 586
2006-06-14 284 85 218 587
2006-06-15 285 85 218 588
2006-06-16 285 86 219 590
2006-06-17 285 86 219 590
2006-06-18 285 86 219 590
2006-06-19 285 86 220 591
2006-06-20 286 86 220 592
2006-06-21 287 86 221 594
2006-06-22 287 86 221 594
2006-06-23 287 86 221 594
2006-06-24 287 86 221 594
2006-06-25 287 86 222 595
2006-06-26 287 86 223 596
2006-06-27 288 86 225 599
2006-06-28 288 87 226 601
2006-06-29 288 87 226 601
2006-06-30 291 89 224 604
2006-07-01 292 89 225 606
2006-07-02 292 89 225 606
2006-07-03 292 89 226 607
2006-07-04 292 89 226 607
2006-07-05 293 91 225 609
2006-07-06 295 91 225 611
2006-07-07 296 92 225 613
2006-07-08 296 92 225 613
2006-07-09 298 92 225 615
2006-07-10 299 92 225 616
2006-07-11 303 93 227 623
2006-07-12 305 94 227 626
2006-07-13 306 95 229 630
2006-07-14 307 95 231 633
2006-07-15 308 95 232 635
2006-07-16 311 96 231 638
2006-07-17 312 96 231 639
2006-07-18 312 96 232 640
2006-07-19 314 96 234 644
2006-07-20 315 96 237 648
2006-07-21 316 97 237 650
2006-07-22 316 98 237 651
2006-07-23 318 98 237 653
2006-07-24 319 98 237 654
2006-07-25 320 98 238 656
2006-07-26 320 98 239 657
2006-07-27 320 98 240 658
2006-07-28 323 98 242 663
2006-07-29 323 98 242 663
2006-07-30 324 98 242 664
2006-07-31 324 98 243 665
2006-08-01 327 101 244 672
2006-08-02 328 101 247 676
2006-08-03 328 101 247 676
2006-08-04 328 101 248 677
2006-08-05 331 101 249 681
2006-08-06 332 101 250 683
2006-08-07 334 101 250 685
2006-08-08 336 101 250 687
2006-08-09 338 101 251 690
2006-08-10 339 102 252 693
2006-08-11 339 102 253 694
2006-08-12 339 102 253 694
2006-08-13 344 103 252 699
2006-08-14 344 103 253 700
2006-08-15 344 104 255 703
2006-08-16 346 104 255 705
2006-08-17 346 104 257 707
2006-08-18 346 104 257 707
2006-08-19 346 104 257 707
2006-08-20 346 104 257 707
2006-08-21 346 104 257 707
2006-08-22 349 105 258 712
2006-08-23 349 105 259 713
2006-08-24 351 106 258 715
2006-08-25 351 107 258 716
2006-08-26 351 107 258 716
2006-08-27 352 107 258 717
2006-08-28 352 107 258 717
2006-08-29 353 107 258 718
2006-08-30 354 107 258 719
2006-08-31 354 107 260 721
2006-09-01 355 107 261 723
2006-09-02 355 107 262 724
2006-09-03 355 107 266 728
2006-09-04 356 107 266 729
2006-09-05 357 107 267 731
2006-09-06 358 109 267 734
2006-09-07 359 109 269 737
2006-09-08 359 109 272 740
2006-09-09 359 109 272 740
2006-09-10 361 109 272 742
2006-09-11 362 109 273 744
2006-09-12 363 109 274 746
2006-09-13 364 109 276 749
2006-09-14 365 109 277 751
2006-09-15 366 109 277 752
2006-09-16 367 109 277 753
2006-09-17 368 110 278 756
2006-09-18 370 110 281 761
2006-09-19 371 111 282 764
2006-09-20 371 112 284 767
2006-09-21 371 112 286 769
2006-09-22 371 113 288 772
2006-09-23 371 113 288 772
2006-09-24 371 113 289 773
2006-09-25 373 113 290 776
2006-09-26 373 113 290 776
2006-09-27 374 113 291 778
2006-09-28 374 113 293 780
2006-09-29 374 113 294 781
2006-09-30 374 113 294 781
2006-10-01 374 113 294 781
2006-10-02 374 113 295 782
2006-10-03 376 115 295 786
2006-10-04 377 115 297 789
2006-10-05 378 116 297 791
2006-10-06 379 116 299 794
2006-10-07 379 116 299 794
2006-10-08 381 116 299 796
2006-10-09 381 116 300 797
2006-10-10 384 116 301 801
2006-10-11 385 117 303 805
2006-10-12 386 117 303 806
2006-10-13 388 117 303 808
2006-10-14 390 118 303 811
2006-10-15 390 119 303 812
2006-10-16 392 120 305 817
2006-10-17 394 120 305 819
2006-10-18 395 120 306 821
2006-10-19 395 121 309 825
2006-10-20 396 121 309 826
2006-10-21 398 121 309 828
2006-10-22 401 121 309 831
2006-10-23 403 121 311 835
2006-10-24 404 121 312 837
2006-10-25 406 121 313 840
2006-10-26 406 121 315 842
2006-10-27 406 121 315 842
2006-10-28 407 121 315 843
2006-10-29 410 121 316 847
2006-10-30 415 121 316 852
2006-10-31 416 121 317 854
2006-11-01 417 121 321 859
2006-11-02 420 121 326 867
2006-11-03 422 122 327 871
2006-11-04 423 122 327 872
2006-11-05 423 122 328 873
2006-11-06 426 124 328 878
2006-11-07 427 124 328 879
2006-11-08 429 124 330 883
2006-11-09 431 125 333 889
2006-11-10 433 127 335 895
2006-11-11 433 127 335 895
2006-11-12 433 127 336 896
2006-11-13 434 127 343 904
2006-11-14 438 127 344 909
2006-11-15 438 128 347 913
2006-11-16 438 129 348 915
2006-11-17 439 129 348 916
2006-11-18 441 130 348 919
2006-11-19 443 130 348 921
2006-11-20 444 130 349 923
2006-11-21 445 130 351 926
2006-11-22 446 130 352 928
2006-11-23 446 130 353 929
2006-11-24 447 130 353 930
2006-11-25 449 131 353 933
2006-11-26 449 132 356 937
2006-11-27 450 132 358 940
2006-11-28 454 132 359 945
2006-11-29 456 133 359 948
2006-11-30 456 133 360 949
2006-12-01 456 133 361 950
2006-12-02 459 133 361 953
2006-12-03 460 133 363 956
2006-12-04 461 133 363 957
2006-12-05 461 133 365 959
2006-12-06 461 134 365 960
2006-12-07 466 136 364 966
2006-12-08 469 137 363 969
2006-12-09 469 137 363 969
2006-12-10 470 139 364 973
2006-12-11 472 139 365 976
2006-12-12 472 139 367 978
2006-12-13 475 139 367 981
2006-12-14 475 140 367 982
2006-12-15 476 140 368 984
2006-12-16 477 141 368 986
2006-12-17 477 142 370 989
2006-12-18 479 142 370 991
2006-12-19 483 142 370 995
2006-12-20 484 142 370 996
2006-12-21 487 142 370 999
2006-12-22 489 142 370 1001
2006-12-23 491 143 369 1003
2006-12-24 491 143 370 1004
2006-12-25 493 143 370 1006
2006-12-26 493 144 370 1007
2006-12-27 494 144 370 1008
2006-12-28 494 144 370 1008
2006-12-29 495 144 371 1010
2006-12-30 495 144 373 1012
2006-12-31 495 144 374 1013
2007-01-01 497 144 374 1015
2007-01-02 498 144 374 1016
2007-01-03 498 144 375 1017
2007-01-04 498 144 375 1017
2007-01-05 498 144 376 1018
2007-01-06 500 145 377 1022
2007-01-07 500 145 377 1022
2007-01-08 501 146 377 1024
2007-01-09 502 146 379 1027
2007-01-10 502 147 380 1029
2007-01-11 502 147 380 1029
2007-01-12 502 147 380 1029
2007-01-13 502 147 380 1029
2007-01-14 504 147 382 1033
2007-01-15 505 148 383 1036
2007-01-16 507 149 383 1039
2007-01-17 509 149 384 1042
2007-01-18 509 149 385 1043
2007-01-19 509 150 388 1047
2007-01-20 512 151 389 1052
2007-01-21 512 151 390 1053
2007-01-22 512 151 390 1053
2007-01-23 514 153 390 1057
2007-01-24 516 153 390 1059
2007-01-25 517 153 390 1060
2007-01-26 517 153 390 1060
2007-01-27 519 153 390 1062
2007-01-28 520 153 392 1065
2007-01-29 522 153 394 1069
2007-01-30 524 153 395 1072
2007-01-31 524 153 398 1075
2007-02-01 526 153 398 1077
2007-02-02 526 154 398 1078
2007-02-03 527 154 398 1079
2007-02-04 527 154 398 1079
2007-02-05 530 154 398 1082
2007-02-06 531 154 400 1085
2007-02-07 532 154 401 1087
2007-02-08 532 155 404 1091
2007-02-09 533 155 405 1093
2007-02-10 535 155 405 1095
2007-02-11 538 156 406 1100
2007-02-12 540 156 406 1102
2007-02-13 540 156 407 1103
2007-02-14 541 156 407 1104
2007-02-15 544 156 409 1109
2007-02-16 544 156 409 1109
2007-02-17 544 157 412 1113
2007-02-18 544 157 412 1113
2007-02-19 545 157 412 1114
2007-02-20 546 158 413 1117
2007-02-21 547 158 415 1120
2007-02-22 549 159 415 1123
2007-02-23 549 159 415 1123
2007-02-24 549 159 415 1123
2007-02-25 550 159 420 1129
2007-02-26 550 159 423 1132
2007-02-27 552 160 424 1136
2007-02-28 554 160 429 1143
2007-03-01 555 161 430 1146
2007-03-02 559 161 430 1150
2007-03-03 564 162 431 1157
2007-03-04 564 163 435 1162
2007-03-05 566 165 435 1166
2007-03-06 567 166 435 1168
2007-03-07 567 166 435 1168
2007-03-08 567 167 435 1169
2007-03-09 567 167 435 1169
2007-03-10 567 168 436 1171
2007-03-11 568 168 436 1172
2007-03-12 571 168 437 1176
2007-03-13 572 168 437 1177
2007-03-14 573 168 438 1179
2007-03-15 576 169 441 1186
2007-03-16 578 171 442 1191
2007-03-17 579 171 442 1192
2007-03-18 580 172 442 1194
2007-03-19 582 172 442 1196
2007-03-20 583 175 443 1201
2007-03-21 585 175 445 1205
2007-03-22 587 175 448 1210
2007-03-23 589 175 449 1213
2007-03-24 591 176 449 1216
2007-03-25 594 176 451 1221
2007-03-26 594 177 454 1225
2007-03-27 595 178 455 1228
2007-03-28 599 178 456 1233
2007-03-29 599 178 458 1235
2007-03-30 600 178 459 1237
2007-03-31 600 178 460 1238
2007-04-01 602 178 460 1240
2007-04-02 605 178 464 1247
2007-04-03 606 178 466 1250
2007-04-04 608 178 467 1253
2007-04-05 610 178 469 1257
2007-04-06 612 178 469 1259
2007-04-07 613 178 469 1260
2007-04-08 614 178 469 1261
2007-04-09 614 178 469 1261
2007-04-10 616 180 469 1265
2007-04-11 616 180 470 1266
2007-04-12 618 181 471 1270
2007-04-13 620 181 473 1274
2007-04-14 622 181 473 1276
2007-04-15 623 181 474 1278
2007-04-16 625 181 474 1280
2007-04-17 627 181 475 1283
2007-04-18 627 181 475 1283
2007-04-19 629 182 476 1287
2007-04-20 630 182 477 1289
2007-04-21 631 182 478 1291
2007-04-22 632 183 478 1293
2007-04-23 633 183 478 1294
2007-04-24 635 184 478 1297
2007-04-25 637 184 478 1299
2007-04-26 638 184 480 1302
2007-04-27 638 184 480 1302
2007-04-28 640 184 481 1305
2007-04-29 640 184 484 1308
2007-04-30 644 186 488 1318
2007-05-01 645 186 490 1321
2007-05-02 648 186 490 1324
2007-05-03 650 187 491 1328
2007-05-04 652 187 491 1330
2007-05-05 652 187 492 1331
2007-05-06 654 188 491 1333
2007-05-07 655 188 493 1336
2007-05-08 657 190 495 1342
2007-05-09 657 190 495 1342
2007-05-10 660 190 500 1350
2007-05-11 661 190 502 1353
2007-05-12 663 191 505 1359
2007-05-13 666 193 505 1364
2007-05-14 666 194 509 1369
2007-05-15 667 195 509 1371
2007-05-16 668 195 510 1373
2007-05-17 672 195 511 1378
2007-05-18 673 195 512 1380
2007-05-19 674 195 513 1382
2007-05-20 674 195 515 1384
2007-05-21 675 195 516 1386
2007-05-22 676 196 520 1392
2007-05-23 677 196 520 1393
2007-05-24 683 197 522 1402
2007-05-25 683 197 523 1403
2007-05-26 683 197 523 1403
2007-05-27 683 197 523 1403
2007-05-28 685 198 525 1408
2007-05-29 688 198 525 1411
2007-05-30 689 198 527 1414
2007-05-31 690 199 527 1416
2007-06-01 695 200 527 1422
2007-06-02 695 200 527 1422
2007-06-03 695 200 529 1424
2007-06-04 696 200 530 1426
2007-06-05 698 200 531 1429
2007-06-06 699 200 532 1431
2007-06-07 699 200 534 1433
2007-06-08 701 200 534 1435
2007-06-09 702 200 535 1437
2007-06-10 702 201 535 1438
2007-06-11 702 201 535 1438
2007-06-12 704 201 535 1440
2007-06-13 707 201 535 1443
2007-06-14 710 201 535 1446
2007-06-15 713 201 537 1451
2007-06-16 715 201 539 1455
2007-06-17 717 201 540 1458
2007-06-18 718 201 540 1459
2007-06-19 720 201 541 1462
2007-06-20 722 201 541 1464
2007-06-21 724 201 541 1466
2007-06-22 726 201 543 1470
2007-06-23 726 201 547 1474
2007-06-24 729 202 552 1483
2007-06-25 730 204 553 1487
2007-06-26 732 204 553 1489
2007-06-27 734 205 552 1491
2007-06-28 736 207 552 1495
2007-06-29 737 207 552 1496
2007-06-30 737 207 552 1496
2007-07-01 740 207 553 1500
2007-07-02 747 207 554 1508
2007-07-03 747 207 556 1510
2007-07-04 747 207 558 1512
2007-07-05 749 208 558 1515
2007-07-06 750 209 558 1517
2007-07-07 754 209 560 1523
2007-07-08 755 209 561 1525
2007-07-09 758 209 562 1529
2007-07-10 760 209 563 1532
2007-07-11 761 209 565 1535
2007-07-12 761 211 565 1537
2007-07-13 763 211 566 1540
2007-07-14 764 211 567 1542
2007-07-15 764 212 567 1543
2007-07-16 766 212 568 1546
2007-07-17 768 213 569 1550
2007-07-18 771 214 571 1556
2007-07-19 772 214 572 1558
2007-07-20 772 214 573 1559
2007-07-21 773 214 573 1560
2007-07-22 774 214 574 1562
2007-07-23 777 214 575 1566
2007-07-24 779 214 576 1569
2007-07-25 780 215 576 1571
2007-07-26 783 216 576 1575
2007-07-27 784 216 578 1578
2007-07-28 784 216 579 1579
2007-07-29 784 216 580 1580
2007-07-30 786 217 582 1585
2007-07-31 789 217 582 1588
2007-08-01 797 217 584 1598
2007-08-02 799 217 585 1601
2007-08-03 800 217 585 1602
2007-08-04 802 217 588 1607
2007-08-05 802 219 589 1610
2007-08-06 805 219 591 1615
2007-08-07 807 219 592 1618
2007-08-08 807 219 594 1620
2007-08-09 809 219 597 1625
2007-08-10 811 219 598 1628
2007-08-11 813 219 599 1631
2007-08-12 815 219 601 1635
2007-08-13 817 219 605 1641
2007-08-14 821 219 606 1646
2007-08-15 823 219 609 1651
2007-08-16 824 220 609 1653
2007-08-17 824 220 610 1654
2007-08-18 825 221 609 1655
2007-08-19 826 221 609 1656
2007-08-20 828 223 610 1661
2007-08-21 830 226 609 1665
2007-08-22 833 226 611 1670
2007-08-23 834 226 612 1672
2007-08-24 836 226 613 1675
2007-08-25 836 226 613 1675
2007-08-26 837 226 614 1677
2007-08-27 837 226 616 1679
2007-08-28 837 226 617 1680
2007-08-29 839 228 619 1686
2007-08-30 841 228 621 1690
2007-08-31 842 230 621 1693
2007-09-01 845 230 621 1696
2007-09-02 846 230 621 1697
2007-09-03 846 232 623 1701
2007-09-04 848 232 623 1703
2007-09-05 851 233 622 1706
2007-09-06 852 233 623 1708
2007-09-07 854 233 624 1711
2007-09-08 854 234 624 1712
2007-09-09 854 235 625 1714
2007-09-10 854 235 628 1717
2007-09-11 856 235 633 1724
2007-09-12 857 235 634 1726
2007-09-13 858 235 636 1729
2007-09-14 860 235 636 1731
2007-09-15 861 235 636 1732
2007-09-16 863 235 637 1735
2007-09-17 863 235 639 1737
2007-09-18 863 235 641 1739
2007-09-19 866 235 641 1742
2007-09-20 867 236 644 1747
2007-09-21 867 236 645 1748
2007-09-22 867 236 645 1748
2007-09-23 869 236 645 1750
2007-09-24 871 239 646 1756
2007-09-25 871 240 649 1760
2007-09-26 871 243 652 1766
2007-09-27 874 243 654 1771
2007-09-28 876 243 654 1773
2007-09-29 879 243 654 1776
2007-09-30 880 244 656 1780
2007-10-01 881 244 657 1782
2007-10-02 881 244 657 1782
2007-10-03 881 244 658 1783
2007-10-04 882 245 659 1786
2007-10-05 883 245 662 1790
2007-10-06 886 246 662 1794
2007-10-07 888 246 664 1798
2007-10-08 889 246 664 1799
2007-10-09 890 247 665 1802
2007-10-10 891 247 666 1804
2007-10-11 894 252 663 1809
2007-10-12 895 252 664 1811
2007-10-13 896 252 665 1813
2007-10-14 897 252 665 1814
2007-10-15 897 252 665 1814
2007-10-16 898 252 668 1818
2007-10-17 898 253 669 1820
2007-10-18 900 253 670 1823
2007-10-19 901 253 672 1826
2007-10-20 902 253 673 1828
2007-10-21 906 253 673 1832
2007-10-22 908 253 675 1836
2007-10-23 912 253 677 1842
2007-10-24 912 254 681 1847
2007-10-25 914 254 683 1851
2007-10-26 914 254 685 1853
2007-10-27 917 255 687 1859
2007-10-28 918 255 687 1860
2007-10-29 920 257 690 1867
2007-10-30 920 257 692 1869
2007-10-31 922 257 693 1872
2007-11-01 922 257 696 1875
2007-11-02 925 259 696 1880
2007-11-03 927 259 697 1883
2007-11-04 929 259 698 1886
2007-11-05 934 263 699 1896
2007-11-06 937 264 702 1903
2007-11-07 940 264 703 1907
2007-11-08 940 264 706 1910
2007-11-09 941 264 709 1914
2007-11-10 941 265 710 1916
2007-11-11 942 267 713 1922
2007-11-12 945 268 714 1927
2007-11-13 947 268 715 1930
2007-11-14 948 268 718 1934
2007-11-15 949 268 720 1937
2007-11-16 951 268 721 1940
2007-11-17 951 269 722 1942
2007-11-18 952 271 724 1947
2007-11-19 954 273 725 1952
2007-11-20 955 274 726 1955
2007-11-21 956 275 727 1958
2007-11-22 958 275 727 1960
2007-11-23 959 275 727 1961
2007-11-24 959 275 728 1962
2007-11-25 961 276 731 1968
2007-11-26 962 276 732 1970
2007-11-27 964 276 733 1973
2007-11-28 965 277 734 1976
2007-11-29 967 277 734 1978
2007-11-30 968 277 734 1979
2007-12-01 970 278 733 1981
2007-12-02 972 279 733 1984
2007-12-03 973 279 736 1988
2007-12-04 979 281 737 1997
2007-12-05 983 282 736 2001
2007-12-06 986 283 739 2008
2007-12-07 988 283 741 2012
2007-12-08 989 283 741 2013
2007-12-09 993 284 741 2018
2007-12-10 995 284 741 2020
2007-12-11 998 285 742 2025
2007-12-12 999 287 743 2029
2007-12-13 1002 290 746 2038
2007-12-14 1003 290 746 2039
2007-12-15 1005 291 747 2043
2007-12-16 1006 291 748 2045
2007-12-17 1009 291 752 2052
2007-12-18 1014 292 753 2059
2007-12-19 1016 293 753 2062
2007-12-20 1019 294 754 2067
2007-12-21 1022 295 754 2071
2007-12-22 1024 296 754 2074
2007-12-23 1025 296 754 2075
2007-12-24 1027 296 754 2077
2007-12-25 1032 297 756 2085
2007-12-26 1032 297 757 2086
2007-12-27 1032 297 758 2087
2007-12-28 1033 299 761 2093
2007-12-29 1037 299 761 2097
2007-12-30 1039 299 764 2102
2007-12-31 1042 299 765 2106
2008-01-01 1049 299 765 2113
2008-01-02 1053 299 765 2117
2008-01-03 1056 299 765 2120
2008-01-04 1059 299 770 2128
2008-01-05 1061 299 772 2132
2008-01-06 1062 300 772 2134
2008-01-07 1064 302 774 2140
2008-01-08 1065 304 775 2144
2008-01-09 1066 305 778 2149
2008-01-10 1068 307 781 2156
2008-01-11 1070 308 782 2160
2008-01-12 1075 310 782 2167
2008-01-13 1078 311 782 2171
2008-01-14 1081 312 783 2176
2008-01-15 1082 313 785 2180
2008-01-16 1083 313 786 2182
2008-01-17 1087 315 786 2188
2008-01-18 1087 319 787 2193
2008-01-19 1089 319 787 2195
2008-01-20 1091 321 789 2201
2008-01-21 1094 321 789 2204
2008-01-22 1096 321 791 2208
2008-01-23 1097 321 792 2210
2008-01-24 1099 323 792 2214
2008-01-25 1103 324 792 2219
2008-01-26 1105 324 796 2225
2008-01-27 1107 324 797 2228
2008-01-28 1108 327 797 2232
2008-01-29 1113 327 797 2237
2008-01-30 1115 329 799 2243
2008-01-31 1116 329 800 2245
2008-02-01 1118 329 801 2248
2008-02-02 1120 332 802 2254
2008-02-03 1123 333 803 2259
2008-02-04 1126 334 804 2264
2008-02-05 1126 334 805 2265
2008-02-06 1131 335 807 2273
2008-02-07 1132 335 807 2274
2008-02-08 1133 336 807 2276
2008-02-09 1133 336 815 2284
2008-02-10 1138 338 822 2298
2008-02-11 1141 338 825 2304
2008-02-12 1141 340 827 2308
2008-02-13 1147 341 828 2316
2008-02-14 1150 342 829 2321
2008-02-15 1152 345 830 2327
2008-02-16 1154 346 829 2329
2008-02-17 1155 347 830 2332
2008-02-18 1158 347 831 2336
2008-02-19 1159 348 831 2338
2008-02-20 1160 348 832 2340
2008-02-21 1162 350 832 2344
2008-02-22 1164 353 830 2347
2008-02-23 1164 354 831 2349
2008-02-24 1165 354 833 2352
2008-02-25 1169 354 839 2362
2008-02-26 1173 355 840 2368
2008-02-27 1175 356 841 2372
2008-02-28 1177 359 841 2377
2008-02-29 1179 359 841 2379
2008-03-01 1182 359 841 2382
2008-03-02 1182 360 843 2385
2008-03-03 1196 362 844 2402
2008-03-04 1196 365 847 2408
2008-03-05 1198 365 850 2413
2008-03-06 1202 366 854 2422
2008-03-07 1205 367 854 2426
2008-03-08 1208 367 856 2431
2008-03-09 1209 369 858 2436
2008-03-10 1210 370 859 2439
2008-03-11 1212 372 860 2444
2008-03-12 1214 372 861 2447
2008-03-13 1217 373 861 2451
2008-03-14 1220 373 863 2456
2008-03-15 1223 374 865 2462
2008-03-16 1225 376 869 2470
2008-03-17 1230 378 873 2481
2008-03-18 1231 379 874 2484
2008-03-19 1231 380 874 2485
2008-03-20 1233 380 874 2487
2008-03-21 1234 381 874 2489
2008-03-22 1234 383 876 2493
2008-03-23 1235 384 876 2495
2008-03-24 1235 386 887 2508
2008-03-25 1245 386 889 2520
2008-03-26 1246 387 890 2523
2008-03-27 1250 389 892 2531
2008-03-28 1252 391 893 2536
2008-03-29 1252 391 894 2537
2008-03-30 1252 393 894 2539
2008-03-31 1255 393 896 2544
2008-04-01 1256 395 898 2549
2008-04-02 1260 395 900 2555
2008-04-03 1263 395 903 2561
2008-04-04 1264 396 905 2565
2008-04-05 1266 396 906 2568
2008-04-06 1269 398 907 2574
2008-04-07 1271 398 909 2578
2008-04-08 1271 400 912 2583
2008-04-09 1274 402 914 2590
2008-04-10 1278 403 917 2598
2008-04-11 1279 406 917 2602
2008-04-12 1282 408 918 2608
2008-04-13 1286 408 921 2615
2008-04-14 1288 410 922 2620
2008-04-15 1293 411 923 2627
2008-04-16 1295 412 922 2629
2008-04-17 1299 416 923 2638
2008-04-18 1301 417 924 2642
2008-04-19 1304 417 925 2646
2008-04-20 1305 418 925 2648
2008-04-21 1309 418 926 2653
2008-04-22 1310 419 927 2656
2008-04-23 1311 419 927 2657
2008-04-24 1314 421 929 2664
2008-04-25 1315 421 929 2665
2008-04-26 1315 421 929 2665
2008-04-27 1318 421 929 2668
2008-04-28 1318 423 930 2671
2008-04-29 1318 425 932 2675
2008-04-30 1318 425 933 2676
2008-05-01 1322 427 933 2682
2008-05-02 1323 427 934 2684
2008-05-03 1324 427 934 2685
2008-05-04 1329 430 935 2694
2008-05-05 1331 434 936 2701
2008-05-06 1334 435 938 2707
2008-05-07 1335 436 941 2712
2008-05-08 1338 439 942 2719
2008-05-09 1338 439 942 2719
2008-05-10 1338 441 942 2721
2008-05-11 1339 442 942 2723
2008-05-12 1341 442 944 2727
2008-05-13 1343 444 945 2732
2008-05-14 1347 445 947 2739
2008-05-15 1347 446 948 2741
2008-05-16 1349 447 948 2744
2008-05-17 1349 447 948 2744
2008-05-18 1351 449 949 2749
2008-05-19 1355 449 952 2756
2008-05-20 1356 452 956 2764
2008-05-21 1359 455 959 2773
2008-05-22 1362 458 961 2781
2008-05-23 1363 460 963 2786
2008-05-24 1363 461 966 2790
2008-05-25 1364 463 965 2792
2008-05-26 1367 463 968 2798
2008-05-27 1369 463 968 2800
2008-05-28 1374 465 970 2809
2008-05-29 1376 466 972 2814
2008-05-30 1382 468 972 2822
2008-05-31 1383 468 974 2825
2008-06-01 1384 471 974 2829
2008-06-02 1384 471 974 2829
2008-06-03 1385 473 976 2834
2008-06-04 1385 474 977 2836
2008-06-05 1389 474 977 2840
2008-06-06 1392 479 978 2849
2008-06-07 1395 480 980 2855
2008-06-08 1395 482 980 2857
2008-06-09 1396 484 981 2861
2008-06-10 1400 485 983 2868
2008-06-11 1405 488 984 2877
2008-06-12 1405 488 985 2878
2008-06-13 1407 490 985 2882
2008-06-14 1408 491 986 2885
2008-06-15 1410 492 987 2889
2008-06-16 1410 493 988 2891
2008-06-17 1412 493 989 2894
2008-06-18 1416 496 991 2903
2008-06-19 1418 498 992 2908
2008-06-20 1422 499 992 2913
2008-06-21 1425 499 993 2917
2008-06-22 1426 499 995 2920
2008-06-23 1428 500 998 2926
2008-06-24 1428 500 999 2927
2008-06-25 1429 515 1003 2947
2008-06-26 1433 516 1004 2953
2008-06-27 1435 516 1005 2956
2008-06-28 1436 518 1006 2960
2008-06-29 1436 519 1007 2962
2008-06-30 1438 522 1007 2967
2008-07-01 1440 523 1008 2971
2008-07-02 1440 526 1008 2974
2008-07-03 1445 528 1010 2983
2008-07-04 1445 530 1011 2986
2008-07-05 1446 530 1013 2989
2008-07-06 1446 530 1014 2990
2008-07-07 1447 530 1020 2997
2008-07-08 1447 532 1021 3000
2008-07-09 1447 534 1022 3003
2008-07-10 1447 536 1022 3005
2008-07-11 1447 536 1022 3005
2008-07-12 1448 537 1024 3009
2008-07-13 1449 538 1024 3011
2008-07-14 1452 538 1024 3014
2008-07-15 1455 539 1025 3019
2008-07-16 1455 539 1035 3029
2008-07-17 1457 541 1035 3033
2008-07-18 1457 542 1035 3034
2008-07-19 1457 542 1035 3034
2008-07-20 1459 543 1035 3037
2008-07-21 1461 547 1034 3042
2008-07-22 1463 547 1034 3044
2008-07-23 1464 549 1034 3047
2008-07-24 1465 549 1034 3048
2008-07-25 1466 550 1034 3050
2008-07-26 1466 550 1034 3050
2008-07-27 1469 551 1036 3056
2008-07-28 1469 551 1038 3058
2008-07-29 1471 552 1038 3061
2008-07-30 1472 552 1039 3063
2008-07-31 1474 555 1040 3069
2008-08-01 1476 555 1041 3072
2008-08-02 1476 559 1055 3090
2008-08-03 1477 560 1059 3096
2008-08-04 1479 561 1068 3108
2008-08-05 1481 563 1068 3112
2008-08-06 1484 567 1070 3121
2008-08-07 1485 567 1073 3125
2008-08-08 1487 569 1074 3130
2008-08-09 1489 569 1076 3134
2008-08-10 1490 569 1077 3136
2008-08-11 1494 572 1078 3144
2008-08-12 1495 572 1078 3145
2008-08-13 1496 575 1079 3150
2008-08-14 1498 577 1079 3154
2008-08-15 1500 583 1079 3162
2008-08-16 1501 585 1080 3166
2008-08-17 1501 586 1081 3168
2008-08-18 1505 586 1085 3176
2008-08-19 1507 587 1086 3180
2008-08-20 1511 589 1084 3184
2008-08-21 1513 595 1083 3191
2008-08-22 1517 597 1085 3199
2008-08-23 1524 599 1084 3207
2008-08-24 1525 599 1085 3209
2008-08-25 1525 600 1088 3213
2008-08-26 1528 601 1088 3217
2008-08-27 1533 603 1087 3223
2008-08-28 1533 608 1088 3229
2008-08-29 1533 609 1090 3232
2008-08-30 1535 609 1090 3234
2008-08-31 1537 611 1091 3239
2008-09-01 1538 616 1091 3245
2008-09-02 1542 616 1091 3249
2008-09-03 1545 616 1092 3253
2008-09-04 1547 616 1094 3257
2008-09-05 1551 616 1096 3263
2008-09-06 1551 619 1097 3267
2008-09-07 1556 623 1097 3276
2008-09-08 1558 628 1098 3284
2008-09-09 1559 629 1099 3287
2008-09-10 1562 631 1104 3297
2008-09-11 1564 637 1104 3305
2008-09-12 1565 640 1106 3311
2008-09-13 1569 640 1106 3315
2008-09-14 1573 642 1106 3321
2008-09-15 1574 642 1107 3323
2008-09-16 1575 642 1108 3325
2008-09-17 1576 642 1109 3327
2008-09-18 1579 644 1108 3331
2008-09-19 1579 645 1113 3337
2008-09-20 1582 646 1113 3341
2008-09-21 1583 646 1113 3342
2008-09-22 1585 647 1114 3346
2008-09-23 1586 648 1115 3349
2008-09-24 1587 649 1115 3351
2008-09-25 1589 651 1115 3355
2008-09-26 1590 653 1115 3358
2008-09-27 1592 654 1116 3362
2008-09-28 1592 655 1117 3364
2008-09-29 1596 655 1118 3369
2008-09-30 1597 656 1120 3373
2008-10-01 1602 658 1120 3380
2008-10-02 1603 660 1122 3385
2008-10-03 1603 660 1122 3385
2008-10-04 1604 662 1122 3388
2008-10-05 1605 663 1122 3390
2008-10-06 1607 666 1125 3398
2008-10-07 1608 668 1126 3402
2008-10-08 1609 668 1127 3404
2008-10-09 1610 669 1130 3409
2008-10-10 1610 671 1134 3415
2008-10-11 1613 671 1137 3421
2008-10-12 1613 671 1137 3421
2008-10-13 1617 674 1141 3432
2008-10-14 1618 675 1145 3438
2008-10-15 1619 676 1148 3443
2008-10-16 1619 677 1150 3446
2008-10-17 1620 679 1151 3450
2008-10-18 1620 679 1152 3451
2008-10-19 1622 681 1152 3455
2008-10-20 1624 684 1151 3459
2008-10-21 1626 685 1152 3463
2008-10-22 1627 689 1152 3468
2008-10-23 1629 690 1154 3473
2008-10-24 1630 692 1155 3477
2008-10-25 1630 693 1156 3479
2008-10-26 1632 693 1158 3483
2008-10-27 1635 697 1159 3491
2008-10-28 1636 697 1160 3493
2008-10-29 1637 699 1163 3499
2008-10-30 1640 703 1166 3509
2008-10-31 1642 705 1167 3514
2008-11-01 1643 705 1167 3515
2008-11-02 1643 708 1170 3521
2008-11-03 1650 713 1168 3531
2008-11-04 1651 714 1169 3534
2008-11-05 1653 714 1169 3536
2008-11-06 1656 715 1170 3541
2008-11-07 1658 716 1171 3545
2008-11-08 1659 719 1171 3549
2008-11-09 1659 721 1177 3557
2008-11-10 1660 724 1181 3565
2008-11-11 1660 724 1182 3566
2008-11-12 1663 727 1190 3580
2008-11-13 1665 728 1192 3585
2008-11-14 1667 731 1194 3592
2008-11-15 1668 733 1197 3598
2008-11-16 1668 734 1197 3599
2008-11-17 1670 735 1198 3603
2008-11-18 1678 742 1196 3616
2008-11-19 1679 743 1197 3619
2008-11-20 1679 744 1199 3622
2008-11-21 1682 746 1200 3628
2008-11-22 1683 751 1202 3636
2008-11-23 1684 753 1202 3639
2008-11-24 1685 755 1204 3644
2008-11-25 1688 758 1208 3654
2008-11-26 1690 759 1209 3658
2008-11-27 1690 761 1211 3662
2008-11-28 1693 762 1211 3666
2008-11-29 1694 764 1214 3672
2008-11-30 1695 764 1215 3674
2008-12-01 1702 764 1215 3681
2008-12-02 1703 767 1215 3685
2008-12-03 1711 768 1216 3695
2008-12-04 1716 769 1217 3702
2008-12-05 1718 772 1220 3710
2008-12-06 1722 773 1222 3717
2008-12-07 1725 775 1223 3723
2008-12-08 1729 779 1220 3728
2008-12-09 1730 780 1221 3731
2008-12-10 1733 780 1222 3735
2008-12-11 1734 780 1223 3737
2008-12-12 1734 782 1225 3741
2008-12-13 1736 782 1229 3747
2008-12-14 1739 782 1229 3750
2008-12-15 1741 782 1230 3753
2008-12-16 1742 785 1234 3761
2008-12-17 1747 788 1239 3774
2008-12-18 1748 790 1240 3778
2008-12-19 1752 793 1242 3787
2008-12-20 1754 795 1244 3793
2008-12-21 1756 801 1247 3804
2008-12-22 1757 803 1248 3808
2008-12-23 1759 804 1249 3812
2008-12-24 1759 805 1249 3813
2008-12-25 1759 806 1249 3814
2008-12-26 1759 806 1249 3814
2008-12-27 1759 807 1250 3816
2008-12-28 1760 807 1251 3818
2008-12-29 1762 811 1252 3825
2008-12-30 1764 812 1254 3830
2008-12-31 1764 812 1255 3831
2009-01-01 1764 815 1256 3835
2009-01-02 1764 818 1258 3840
2009-01-03 1764 820 1261 3845
2009-01-04 1765 821 1261 3847
2009-01-05 1765 826 1262 3853
2009-01-06 1768 828 1265 3861
2009-01-07 1768 831 1265 3864
2009-01-08 1770 838 1264 3872
2009-01-09 1772 840 1269 3881
2009-01-10 1775 842 1269 3886
2009-01-11 1776 844 1269 3889
2009-01-12 1778 846 1271 3895
2009-01-13 1778 856 1272 3906
2009-01-14 1778 857 1274 3909
2009-01-15 1778 858 1275 3911
2009-01-16 1780 862 1275 3917
2009-01-17 1781 863 1277 3921
2009-01-18 1784 863 1278 3925
2009-01-19 1786 865 1281 3932
2009-01-20 1787 867 1282 3936
2009-01-21 1788 871 1282 3941
2009-01-22 1788 876 1282 3946
2009-01-23 1793 878 1283 3954
2009-01-24 1793 880 1283 3956
2009-01-25 1793 883 1283 3959
2009-01-26 1794 883 1286 3963
2009-01-27 1794 888 1288 3970
2009-01-28 1796 891 1288 3975
2009-01-29 1796 895 1288 3979
2009-01-30 1796 895 1290 3981
2009-01-31 1797 896 1291 3984
2009-02-01 1798 901 1291 3990
2009-02-02 1798 905 1293 3996
2009-02-03 1799 906 1292 3997
2009-02-04 1799 906 1294 3999
2009-02-05 1800 908 1295 4003
2009-02-06 1802 910 1296 4008
2009-02-07 1802 913 1296 4011
2009-02-08 1802 915 1298 4015
2009-02-09 1804 916 1301 4021
2009-02-10 1807 920 1302 4029
2009-02-11 1809 925 1305 4039
2009-02-12 1811 927 1306 4044
2009-02-13 1812 930 1309 4051
2009-02-14 1813 931 1311 4055
2009-02-15 1813 934 1313 4060
2009-02-16 1815 937 1313 4065
2009-02-17 1821 940 1313 4074
2009-02-18 1821 944 1314 4079
2009-02-19 1823 955 1315 4093
2009-02-20 1824 958 1318 4100
2009-02-21 1825 961 1319 4105
2009-02-22 1826 966 1319 4111
2009-02-23 1830 972 1321 4123
2009-02-24 1831 978 1325 4134
2009-02-25 1832 979 1326 4137
2009-02-26 1833 984 1329 4146
2009-02-27 1834 989 1329 4152
2009-02-28 1835 989 1330 4154
2009-03-01 1835 990 1331 4156
2009-03-02 1837 994 1331 4162
2009-03-03 1837 995 1333 4165
2009-03-04 1838 1000 1340 4178
2009-03-05 1841 1001 1340 4182
2009-03-06 1843 1002 1340 4185
2009-03-07 1844 1011 1340 4195
2009-03-08 1845 1013 1343 4201
2009-03-09 1847 1016 1348 4211
2009-03-10 1847 1019 1349 4215
2009-03-11 1848 1022 1351 4221
2009-03-12 1849 1023 1353 4225
2009-03-13 1849 1026 1353 4228
2009-03-14 1849 1028 1354 4231
2009-03-15 1849 1031 1354 4234
2009-03-16 1850 1036 1355 4241
2009-03-17 1852 1037 1355 4244
2009-03-18 1852 1039 1359 4250
2009-03-19 1854 1044 1360 4258
2009-03-20 1855 1053 1361 4269
2009-03-21 1858 1055 1362 4275
2009-03-22 1861 1062 1363 4286
2009-03-23 1866 1064 1368 4298
2009-03-24 1871 1068 1369 4308
2009-03-25 1871 1073 1372 4316
2009-03-26 1872 1079 1375 4326
2009-03-27 1872 1083 1384 4339
2009-03-28 1872 1091 1385 4348
2009-03-29 1873 1095 1385 4353
2009-03-30 1874 1098 1386 4358
2009-03-31 1874 1109 1387 4370
2009-04-01 1875 1116 1390 4381
2009-04-02 1876 1122 1392 4390
2009-04-03 1877 1124 1392 4393
2009-04-04 1877 1127 1393 4397
2009-04-05 1880 1128 1395 4403
2009-04-06 1880 1131 1399 4410
2009-04-07 1880 1132 1401 4413
2009-04-08 1882 1134 1401 4417
2009-04-09 1883 1140 1404 4427
2009-04-10 1883 1140 1406 4429
2009-04-11 1885 1141 1406 4432
2009-04-12 1886 1143 1407 4436
2009-04-13 1888 1149 1412 4449
2009-04-14 1890 1155 1414 4459
2009-04-15 1891 1159 1416 4466
2009-04-16 1893 1162 1416 4471
2009-04-17 1894 1168 1417 4479
2009-04-18 1895 1174 1417 4486
2009-04-19 1895 1179 1417 4491
2009-04-20 1896 1183 1417 4496
2009-04-21 1897 1187 1418 4502
2009-04-22 1898 1196 1418 4512
2009-04-23 1900 1200 1420 4520
2009-04-24 1902 1205 1421 4528
2009-04-25 1903 1209 1422 4534
2009-04-26 1903 1209 1422 4534
2009-04-27 1904 1211 1425 4540
2009-04-28 1905 1211 1427 4543
2009-04-29 1905 1213 1428 4546
2009-04-30 1909 1218 1431 4558
2009-05-01 1910 1219 1431 4560
2009-05-02 1910 1222 1433 4565
2009-05-03 1910 1224 1434 4568
2009-05-04 1910 1229 1437 4576
2009-05-05 1911 1231 1440 4582
2009-05-06 1914 1238 1441 4593
2009-05-07 1915 1245 1444 4604
2009-05-08 1915 1249 1446 4610
2009-05-09 1915 1252 1446 4613
2009-05-10 1917 1258 1448 4623
2009-05-11 1918 1263 1449 4630
2009-05-12 1919 1265 1456 4640
2009-05-13 1919 1266 1456 4641
2009-05-14 1922 1270 1457 4649
2009-05-15 1923 1273 1457 4653
2009-05-16 1924 1276 1459 4659
2009-05-17 1925 1279 1460 4664
2009-05-18 1926 1285 1461 4672
2009-05-19 1928 1292 1461 4681
2009-05-20 1932 1298 1466 4696
2009-05-21 1933 1301 1465 4699
2009-05-22 1934 1306 1466 4706
2009-05-23 1934 1311 1466 4711
2009-05-24 1934 1311 1467 4712
2009-05-25 1936 1316 1470 4722
2009-05-26 1936 1325 1472 4733
2009-05-27 1937 1331 1472 4740
2009-05-28 1939 1337 1473 4749
2009-05-29 1940 1341 1476 4757
2009-05-30 1940 1347 1476 4763
2009-05-31 1940 1351 1476 4767
2009-06-01 1943 1355 1477 4775
2009-06-02 1945 1363 1480 4788
2009-06-03 1945 1368 1480 4793
2009-06-04 1946 1372 1482 4800
2009-06-05 1946 1375 1482 4803
2009-06-06 1946 1377 1482 4805
2009-06-07 1953 1381 1484 4818
2009-06-08 1955 1389 1486 4830
2009-06-09 1957 1394 1490 4841
2009-06-10 1957 1400 1493 4850
2009-06-11 1960 1409 1495 4864
2009-06-12 1962 1414 1496 4872
2009-06-13 1963 1420 1496 4879
2009-06-14 1965 1425 1498 4888
2009-06-15 1966 1432 1502 4900
2009-06-16 1969 1437 1503 4909
2009-06-17 1969 1440 1504 4913
2009-06-18 1970 1449 1505 4924
2009-06-19 1974 1454 1507 4935
2009-06-20 1974 1458 1507 4939
2009-06-21 1975 1462 1507 4944
2009-06-22 1976 1468 1510 4954
2009-06-23 1978 1475 1511 4964
2009-06-24 1979 1479 1513 4971
2009-06-25 1979 1484 1514 4977
2009-06-26 1982 1490 1515 4987
2009-06-27 1983 1491 1516 4990
2009-06-28 1984 1492 1516 4992
2009-06-29 1984 1493 1517 4994
2009-06-30 1984 1496 1517 4997
2009-07-01 1984 1501 1519 5004
2009-07-02 1985 1504 1526 5015
2009-07-03 1985 1512 1526 5023
2009-07-04 1985 1515 1527 5027
2009-07-05 1988 1522 1527 5037
2009-07-06 1988 1528 1528 5044
2009-07-07 1988 1534 1529 5051
2009-07-08 1991 1540 1529 5060
2009-07-09 1993 1551 1531 5075
2009-07-10 1994 1556 1532 5082
2009-07-11 1995 1560 1531 5086
2009-07-12 1995 1566 1532 5093
2009-07-13 1997 1573 1533 5103
2009-07-14 1997 1574 1533 5104
2009-07-15 1999 1581 1535 5115
2009-07-16 2000 1585 1537 5122
2009-07-17 2003 1588 1538 5129
2009-07-18 2004 1592 1540 5136
2009-07-19 2006 1595 1540 5141
2009-07-20 2006 1600 1540 5146
2009-07-21 2006 1606 1541 5153
2009-07-22 2007 1617 1541 5165
2009-07-23 2008 1625 1541 5174
2009-07-24 2011 1629 1543 5183
2009-07-25 2013 1631 1543 5187
2009-07-26 2016 1636 1542 5194
2009-07-27 2016 1638 1547 5201
2009-07-28 2018 1649 1546 5213
2009-07-29 2021 1658 1546 5225
2009-07-30 2021 1665 1549 5235
2009-07-31 2022 1668 1550 5240
2009-08-01 2022 1673 1552 5247
2009-08-02 2030 1677 1553 5260
2009-08-03 2033 1680 1555 5268
2009-08-04 2033 1690 1557 5280
2009-08-05 2034 1699 1559 5292
2009-08-06 2035 1710 1561 5306
2009-08-07 2035 1716 1562 5313
2009-08-08 2035 1720 1562 5317
2009-08-09 2036 1724 1563 5323
2009-08-10 2037 1729 1565 5331
2009-08-11 2039 1740 1565 5344
2009-08-12 2039 1743 1566 5348
2009-08-13 2039 1749 1571 5359
2009-08-14 2040 1754 1572 5366
2009-08-15 2041 1763 1574 5378
2009-08-16 2041 1766 1574 5381
2009-08-17 2043 1771 1575 5389
2009-08-18 2044 1778 1576 5398
2009-08-19 2046 1788 1577 5411
2009-08-20 2046 1797 1578 5421
2009-08-21 2048 1804 1579 5431
2009-08-22 2048 1805 1579 5432
2009-08-23 2050 1811 1578 5439
2009-08-24 2053 1822 1579 5454
2009-08-25 2055 1836 1581 5472
2009-08-26 2056 1846 1583 5485
2009-08-27 2056 1852 1583 5491
2009-08-28 2058 1858 1584 5500
2009-08-29 2059 1864 1585 5508
2009-08-30 2060 1872 1585 5517
2009-08-31 2061 1878 1589 5528
2009-09-01 2061 1884 1590 5535
2009-09-02 2062 1890 1592 5544
2009-09-03 2062 1898 1592 5552
2009-09-04 2063 1904 1593 5560
2009-09-05 2064 1909 1594 5567
2009-09-06 2064 1912 1594 5570
2009-09-07 2064 1916 1595 5575
2009-09-08 2065 1926 1595 5586
2009-09-09 2067 1933 1595 5595
2009-09-10 2069 1939 1596 5604
2009-09-11 2069 1948 1597 5614
2009-09-12 2069 1957 1599 5625
2009-09-13 2069 1960 1599 5628
2009-09-14 2071 1967 1600 5638
2009-09-15 2071 1976 1601 5648
2009-09-16 2072 1991 1609 5672
2009-09-17 2074 2001 1610 5685
2009-09-18 2077 2005 1611 5693
2009-09-19 2077 2009 1611 5697
2009-09-20 2078 2013 1612 5703
2009-09-21 2078 2030 1614 5722
2009-09-22 2078 2040 1616 5734
2009-09-23 2079 2053 1621 5753
2009-09-24 2079 2057 1623 5759
2009-09-25 2079 2074 1627 5780
2009-09-26 2081 2086 1628 5795
2009-09-27 2082 2095 1630 5807
2009-09-28 2082 2116 1632 5830
2009-09-29 2083 2136 1635 5854
2009-09-30 2083 2161 1643 5887
2009-10-01 2086 2193 1645 5924
2009-10-02 2089 2214 1649 5952
2009-10-03 2089 2244 1651 5984
2009-10-04 2089 2260 1654 6003
2009-10-05 2090 2300 1657 6047
2009-10-06 2091 2340 1664 6095
2009-10-07 2092 2371 1670 6133
2009-10-08 2093 2415 1675 6183
2009-10-09 2094 2455 1681 6230
2009-10-10 2104 2498 1691 6293
2009-10-11 2104 2532 1698 6334
2009-10-12 2105 2580 1705 6390
2009-10-13 2106 2613 1707 6426
2009-10-14 2106 2641 1718 6465
2009-10-15 2106 2679 1726 6511
2009-10-16 2107 2714 1732 6553
2009-10-17 2112 2732 1731 6575
2009-10-18 2112 2752 1737 6601
2009-10-19 2112 2779 1743 6634
2009-10-20 2113 2813 1749 6675
2009-10-21 2115 2841 1751 6707
2009-10-22 2116 2866 1760 6742
2009-10-23 2116 2891 1772 6779
2009-10-24 2120 2907 1776 6803
2009-10-25 2120 2926 1776 6822
2009-10-26 2120 2951 1778 6849
2009-10-27 2123 2981 1788 6892
2009-10-28 2124 3016 1820 6960
2009-10-29 2127 3042 1826 6995
2009-10-30 2128 3079 1829 7036
2009-10-31 2129 3101 1829 7059
2009-11-01 2129 3117 1834 7080
2009-11-02 2129 3159 1839 7127
2009-11-03 2129 3186 1843 7158
2009-11-04 2130 3224 1848 7202
2009-11-05 2130 3250 1852 7232
2009-11-06 2131 3295 1855 7281
2009-11-07 2132 3314 1861 7307
2009-11-08 2133 3344 1862 7339
2009-11-09 2134 3363 1862 7359
2009-11-10 2137 3388 1867 7392
2009-11-11 2138 3418 1870 7426
2009-11-12 2139 3435 1872 7446
2009-11-13 2141 3458 1875 7474
2009-11-14 2142 3479 1880 7501
2009-11-15 2143 3508 1882 7533
2009-11-16 2146 3545 1885 7576
2009-11-17 2146 3566 1889 7601
2009-11-18 2146 3593 1899 7638
2009-11-19 2146 3632 1901 7679
2009-11-20 2148 3664 1900 7712
2009-11-21 2150 3690 1901 7741
2009-11-22 2151 3713 1903 7767
2009-11-23 2153 3743 1910 7806
2009-11-24 2157 3771 1911 7839
2009-11-25 2157 3795 1917 7869
2009-11-26 2158 3820 1918 7896
2009-11-27 2160 3836 1922 7918
2009-11-28 2161 3850 1923 7934
2009-11-29 2162 3874 1924 7960
2009-11-30 2163 3896 1926 7985
2009-12-01 2166 3924 1930 8020
2009-12-02 2167 3944 1934 8045
2009-12-03 2168 3984 1941 8093
2009-12-04 2169 4010 1942 8121
2009-12-05 2169 4027 1943 8139
2009-12-06 2169 4044 1945 8158
2009-12-07 2170 4070 1947 8187
2009-12-08 2170 4103 1950 8223
2009-12-09 2170 4124 1952 8246
2009-12-10 2170 4154 1956 8280
2009-12-11 2171 4172 1959 8302
2009-12-12 2171 4192 1960 8323
2009-12-13 2174 4218 1961 8353
2009-12-14 2174 4244 1962 8380
2009-12-15 2176 4271 1967 8414
2009-12-16 2176 4289 1972 8437
2009-12-17 2176 4316 1978 8470
2009-12-18 2176 4338 1979 8493
2009-12-19 2177 4350 1982 8509
2009-12-20 2180 4365 1982 8527
2009-12-21 2181 4385 1985 8551
2009-12-22 2182 4405 1991 8578
2009-12-23 2182 4426 1993 8601
2009-12-24 2184 4443 1992 8619
2009-12-25 2185 4455 1992 8632
2009-12-26 2186 4466 1995 8647
2009-12-27 2186 4477 1997 8660
2009-12-28 2189 4499 1997 8685
2009-12-29 2190 4521 1999 8710
2009-12-30 2190 4550 2000 8740
2009-12-31 2191 4572 2000 8763
2010-01-01 2194 4594 2002 8790
2010-01-02 2194 4617 2007 8818
2010-01-03 2196 4639 2009 8844
2010-01-04 2197 4665 2013 8875
2010-01-05 2197 4687 2017 8901
2010-01-06 2198 4725 2023 8946
2010-01-07 2200 4761 2029 8990
2010-01-08 2202 4781 2031 9014
2010-01-09 2203 4807 2035 9045
2010-01-10 2204 4839 2037 9080
2010-01-11 2206 4874 2041 9121
2010-01-12 2207 4907 2046 9160
2010-01-13 2208 4938 2049 9195
2010-01-14 2208 4963 2052 9223
2010-01-15 2211 4988 2058 9257
2010-01-16 2211 5007 2059 9277
2010-01-17 2211 5027 2060 9298
2010-01-18 2212 5043 2060 9315
2010-01-19 2212 5071 2066 9349
2010-01-20 2213 5105 2071 9389
2010-01-21 2214 5130 2072 9416
2010-01-22 2215 5153 2075 9443
2010-01-23 2217 5171 2079 9467
2010-01-24 2217 5193 2079 9489
2010-01-25 2218 5221 2080 9519
2010-01-26 2219 5249 2083 9551
2010-01-27 2221 5273 2086 9580
2010-01-28 2221 5286 2091 9598
2010-01-29 2222 5304 2095 9621
2010-01-30 2223 5330 2095 9648
2010-01-31 2223 5346 2095 9664
2010-02-01 2226 5366 2098 9690
2010-02-02 2229 5388 2104 9721
2010-02-03 2230 5415 2106 9751
2010-02-04 2232 5444 2114 9790
2010-02-05 2233 5470 2126 9829
2010-02-06 2233 5486 2127 9846
2010-02-07 2233 5513 2129 9875
2010-02-08 2234 5533 2130 9897
2010-02-09 2234 5552 2132 9918
2010-02-10 2234 5577 2138 9949
2010-02-11 2234 5601 2149 9984
2010-02-12 2234 5623 2151 10008
2010-02-13 2234 5640 2157 10031
2010-02-14 2234 5662 2159 10055
2010-02-15 2235 5689 2161 10085
2010-02-16 2235 5712 2168 10115
2010-02-17 2235 5740 2180 10155
2010-02-18 2236 5770 2186 10192
2010-02-19 2237 5790 2198 10225
2010-02-20 2237 5802 2201 10240
2010-02-21 2238 5818 2203 10259
2010-02-22 2239 5843 2205 10287
2010-02-23 2240 5874 2209 10323
2010-02-24 2241 5900 2213 10354
2010-02-25 2243 5932 2225 10400
2010-02-26 2244 5952 2230 10426
2010-02-27 2244 5969 2231 10444
2010-02-28 2244 5983 2238 10465
2010-03-01 2244 6006 2245 10495
2010-03-02 2244 6040 2249 10533
2010-03-03 2244 6066 2253 10563
2010-03-04 2244 6086 2258 10588
2010-03-05 2244 6116 2260 10620
2010-03-06 2245 6133 2261 10639
2010-03-07 2245 6158 2264 10667
2010-03-08 2245 6186 2266 10697
2010-03-09 2245 6210 2268 10723
2010-03-10 2245 6247 2268 10760
2010-03-11 2246 6275 2270 10791
2010-03-12 2247 6298 2275 10820
2010-03-13 2247 6312 2281 10840
2010-03-14 2247 6326 2282 10855
2010-03-15 2247 6358 2286 10891
2010-03-16 2248 6379 2291 10918
2010-03-17 2248 6413 2296 10957
2010-03-18 2248 6432 2297 10977
2010-03-19 2248 6451 2297 10996
2010-03-20 2250 6467 2301 11018
2010-03-21 2250 6481 2306 11037
2010-03-22 2250 6506 2312 11068
2010-03-23 2251 6534 2316 11101
2010-03-24 2251 6559 2320 11130
2010-03-25 2252 6582 2326 11160
2010-03-26 2252 6612 2328 11192
2010-03-27 2252 6634 2332 11218
2010-03-28 2253 6648 2332 11233
2010-03-29 2253 6671 2332 11256
2010-03-30 2256 6693 2335 11284
2010-03-31 2259 6722 2336 11317
2010-04-01 2259 6749 2342 11350
2010-04-02 2261 6769 2345 11375
2010-04-03 2262 6786 2347 11395
2010-04-04 2263 6803 2349 11415
2010-04-05 2263 6816 2353 11432
2010-04-06 2263 6839 2357 11459
2010-04-07 2264 6866 2361 11491
2010-04-08 2266 6892 2367 11525
2010-04-09 2266 6912 2373 11551
2010-04-10 2266 6926 2376 11568
2010-04-11 2266 6936 2378 11580
2010-04-12 2266 6957 2383 11606
2010-04-13 2266 6990 2388 11644
2010-04-14 2267 7003 2392 11662
2010-04-15 2267 7026 2395 11688
2010-04-16 2269 7054 2396 11719
2010-04-17 2271 7071 2397 11739
2010-04-18 2272 7085 2396 11753
2010-04-19 2273 7107 2398 11778
2010-04-20 2274 7124 2404 11802
2010-04-21 2274 7150 2404 11828
2010-04-22 2276 7184 2407 11867
2010-04-23 2276 7210 2409 11895
2010-04-24 2276 7220 2410 11906
2010-04-25 2276 7240 2411 11927
2010-04-26 2277 7268 2415 11960
2010-04-27 2277 7292 2418 11987
2010-04-28 2278 7316 2423 12017
2010-04-29 2278 7341 2426 12045
2010-04-30 2278 7360 2432 12070
2010-05-01 2279 7375 2433 12087
2010-05-02 2280 7386 2434 12100
2010-05-03 2281 7413 2436 12130
2010-05-04 2281 7433 2440 12154
2010-05-05 2281 7453 2443 12177
2010-05-06 2282 7480 2446 12208
2010-05-07 2284 7506 2449 12239
2010-05-08 2284 7516 2451 12251
2010-05-09 2284 7527 2455 12266
2010-05-10 2284 7555 2457 12296
2010-05-11 2284 7576 2462 12322
2010-05-12 2284 7599 2463 12346
2010-05-13 2285 7617 2465 12367
2010-05-14 2285 7632 2466 12383
2010-05-15 2285 7639 2469 12393
2010-05-16 2285 7658 2469 12412
2010-05-17 2285 7683 2471 12439
2010-05-18 2285 7709 2473 12467
2010-05-19 2286 7741 2476 12503
2010-05-20 2287 7768 2479 12534
2010-05-21 2289 7792 2481 12562
2010-05-22 2290 7802 2481 12573
2010-05-23 2290 7819 2482 12591
2010-05-24 2291 7841 2487 12619
2010-05-25 2292 7858 2487 12637
2010-05-26 2294 7880 2491 12665
2010-05-27 2294 7910 2494 12698
2010-05-28 2294 7923 2499 12716
2010-05-29 2294 7929 2501 12724
2010-05-30 2294 7941 2505 12740
2010-05-31 2294 7959 2508 12761
2010-06-01 2294 7983 2510 12787
2010-06-02 2295 8001 2517 12813
2010-06-03 2296 8021 2522 12839
2010-06-04 2297 8043 2523 12863
2010-06-05 2297 8048 2525 12870
2010-06-06 2300 8070 2535 12905
2010-06-07 2302 8092 2537 12931
2010-06-08 2302 8121 2541 12964
2010-06-09 2302 8135 2544 12981
2010-06-10 2303 8169 2546 13018
2010-06-11 2304 8191 2549 13044
2010-06-12 2304 8206 2551 13061
2010-06-13 2305 8228 2552 13085
2010-06-14 2306 8247 2555 13108
2010-06-15 2309 8274 2558 13141
2010-06-16 2309 8295 2558 13162
2010-06-17 2309 8309 2562 13180
2010-06-18 2309 8327 2564 13200
2010-06-19 2310 8343 2567 13220
2010-06-20 2310 8369 2569 13248
2010-06-21 2312 8400 2573 13285
2010-06-22 2313 8422 2575 13310
2010-06-23 2313 8446 2577 13336
2010-06-24 2313 8457 2580 13350
2010-06-25 2313 8474 2584 13371
2010-06-26 2313 8481 2588 13382
2010-06-27 2313 8494 2590 13397
2010-06-28 2313 8516 2592 13421
2010-06-29 2314 8541 2597 13452
2010-06-30 2314 8566 2600 13480
2010-07-01 2314 8585 2603 13502
2010-07-02 2314 8606 2605 13525
2010-07-03 2315 8611 2606 13532
2010-07-04 2316 8626 2608 13550
2010-07-05 2316 8645 2608 13569
2010-07-06 2316 8674 2612 13602
2010-07-07 2316 8701 2620 13637
2010-07-08 2316 8730 2624 13670
2010-07-09 2316 8751 2628 13695
2010-07-10 2316 8773 2630 13719
2010-07-11 2317 8785 2635 13737
2010-07-12 2318 8805 2637 13760
2010-07-13 2318 8826 2639 13783
2010-07-14 2318 8852 2642 13812
2010-07-15 2319 8881 2649 13849
2010-07-16 2319 8900 2652 13871
2010-07-17 2320 8910 2656 13886
2010-07-18 2320 8929 2659 13908
2010-07-19 2323 8951 2663 13937
2010-07-20 2325 8970 2673 13968
2010-07-21 2325 9001 2679 14005
2010-07-22 2325 9027 2684 14036
2010-07-23 2325 9050 2688 14063
2010-07-24 2325 9061 2692 14078
2010-07-25 2325 9082 2696 14103
2010-07-26 2326 9106 2698 14130
2010-07-27 2326 9136 2700 14162
2010-07-28 2327 9161 2702 14190
2010-07-29 2328 9188 2706 14222
2010-07-30 2329 9216 2709 14254
2010-07-31 2329 9230 2714 14273
2010-08-01 2330 9246 2715 14291
2010-08-02 2332 9277 2724 14333
2010-08-03 2333 9305 2730 14368
2010-08-04 2333 9331 2732 14396
2010-08-05 2333 9352 2736 14421
2010-08-06 2335 9379 2739 14453
2010-08-07 2335 9394 2740 14469
2010-08-08 2335 9410 2745 14490
2010-08-09 2336 9436 2753 14525
2010-08-10 2339 9463 2756 14558
2010-08-11 2339 9490 2763 14592
2010-08-12 2340 9522 2765 14627
2010-08-13 2341 9548 2767 14656
2010-08-14 2341 9567 2770 14678
2010-08-15 2341 9587 2775 14703
2010-08-16 2341 9618 2779 14738
2010-08-17 2341 9653 2785 14779
2010-08-18 2342 9680 2792 14814
2010-08-19 2342 9711 2797 14850
2010-08-20 2344 9735 2802 14881
2010-08-21 2344 9755 2808 14907
2010-08-22 2345 9775 2811 14931
2010-08-23 2345 9796 2812 14953
2010-08-24 2346 9822 2817 14985
2010-08-25 2346 9852 2823 15021
2010-08-26 2346 9877 2829 15052
2010-08-27 2348 9900 2833 15081
2010-08-28 2348 9919 2834 15101
2010-08-29 2348 9935 2839 15122
2010-08-30 2351 9962 2844 15157
2010-08-31 2355 9993 2851 15199
2010-09-01 2356 10016 2862 15234
2010-09-02 2356 10042 2864 15262
2010-09-03 2356 10064 2876 15296
2010-09-04 2356 10076 2881 15313
2010-09-05 2356 10093 2883 15332
2010-09-06 2357 10113 2886 15356
2010-09-07 2357 10134 2889 15380
2010-09-08 2360 10158 2893 15411
2010-09-09 2361 10184 2896 15441
2010-09-10 2363 10207 2901 15471
2010-09-11 2364 10222 2905 15491
2010-09-12 2364 10239 2906 15509
2010-09-13 2365 10263 2909 15537
2010-09-14 2365 10291 2914 15570
2010-09-15 2365 10318 2919 15602
2010-09-16 2366 10336 2927 15629
2010-09-17 2366 10358 2928 15652
2010-09-18 2366 10369 2933 15668
2010-09-19 2366 10384 2935 15685
2010-09-20 2367 10403 2942 15712
2010-09-21 2367 10432 2945 15744
2010-09-22 2367 10454 2951 15772
2010-09-23 2368 10489 2954 15811
2010-09-24 2371 10525 2955 15851
2010-09-25 2371 10537 2958 15866
2010-09-26 2372 10551 2963 15886
2010-09-27 2372 10583 2971 15926
2010-09-28 2372 10610 2976 15958
2010-09-29 2372 10637 2978 15987
2010-09-30 2374 10664 2983 16021
2010-10-01 2374 10694 2986 16054
2010-10-02 2375 10718 2988 16081
2010-10-03 2375 10733 2992 16100
2010-10-04 2375 10761 2996 16132
2010-10-05 2375 10783 3000 16158
2010-10-06 2375 10803 3003 16181
2010-10-07 2375 10825 3010 16210
2010-10-08 2376 10853 3016 16245
2010-10-09 2377 10870 3016 16263
2010-10-10 2377 10892 3024 16293
2010-10-11 2380 10930 3026 16336
2010-10-12 2380 10955 3033 16368
2010-10-13 2380 10975 3041 16396
2010-10-14 2380 11009 3055 16444
2010-10-15 2380 11029 3057 16466
2010-10-16 2380 11047 3059 16486
2010-10-17 2381 11072 3065 16518
2010-10-18 2381 11096 3072 16549
2010-10-19 2383 11120 3075 16578
2010-10-20 2385 11148 3081 16614
2010-10-21 2385 11174 3085 16644
2010-10-22 2385 11203 3094 16682
2010-10-23 2385 11216 3101 16702
2010-10-24 2385 11232 3103 16720
2010-10-25 2385 11276 3108 16769
2010-10-26 2386 11306 3114 16806
2010-10-27 2389 11332 3119 16840
2010-10-28 2389 11361 3126 16876
2010-10-29 2389 11404 3130 16923
2010-10-30 2389 11436 3131 16956
2010-10-31 2389 11463 3132 16984
2010-11-01 2391 11489 3136 17016
2010-11-02 2392 11517 3146 17055
2010-11-03 2393 11552 3155 17100
2010-11-04 2394 11575 3157 17126
2010-11-05 2395 11600 3160 17155
2010-11-06 2396 11619 3161 17176
2010-11-07 2398 11640 3165 17203
2010-11-08 2400 11668 3174 17242
2010-11-09 2401 11695 3179 17275
2010-11-10 2401 11734 3180 17315
2010-11-11 2401 11759 3185 17345
2010-11-12 2401 11778 3189 17368
2010-11-13 2402 11807 3192 17401
2010-11-14 2402 11823 3200 17425
2010-11-15 2402 11856 3206 17464
2010-11-16 2402 11882 3212 17496
2010-11-17 2402 11917 3214 17533
2010-11-18 2402 11945 3219 17566
2010-11-19 2403 11981 3227 17611
2010-11-20 2403 11997 3233 17633
2010-11-21 2404 12014 3237 17655
2010-11-22 2404 12032 3240 17676
2010-11-23 2404 12052 3244 17700
2010-11-24 2404 12089 3249 17742
2010-11-25 2404 12100 3250 17754
2010-11-26 2404 12121 3259 17784
2010-11-27 2404 12140 3259 17803
2010-11-28 2405 12161 3262 17828
2010-11-29 2405 12189 3267 17861
2010-11-30 2406 12213 3275 17894
2010-12-01 2408 12234 3280 17922
2010-12-02 2408 12254 3283 17945
2010-12-03 2409 12271 3286 17966
2010-12-04 2409 12286 3289 17984
2010-12-05 2410 12299 3289 17998
2010-12-06 2411 12326 3297 18034
2010-12-07 2419 12376 3294 18089
2010-12-08 2419 12412 3302 18133
2010-12-09 2419 12435 3309 18163
2010-12-10 2420 12460 3315 18195
2010-12-11 2420 12474 3318 18212
2010-12-12 2421 12485 3322 18228
2010-12-13 2421 12505 3330 18256
2010-12-14 2421 12524 3336 18281
2010-12-15 2421 12552 3341 18314
2010-12-16 2421 12571 3352 18344
2010-12-17 2421 12597 3357 18375
2010-12-18 2421 12607 3360 18388
2010-12-19 2421 12627 3363 18411
2010-12-20 2421 12653 3371 18445
2010-12-21 2421 12676 3379 18476
2010-12-22 2421 12708 3386 18515
2010-12-23 2421 12732 3392 18545
2010-12-24 2421 12749 3395 18565
2010-12-25 2421 12759 3396 18576
2010-12-26 2421 12774 3396 18591
2010-12-27 2421 12788 3401 18610
2010-12-28 2421 12803 3407 18631
2010-12-29 2422 12831 3414 18667
2010-12-30 2422 12853 3418 18693
2010-12-31 2422 12871 3420 18713
2011-01-01 2423 12886 3428 18737
2011-01-02 2423 12913 3431 18767
2011-01-03 2423 12936 3435 18794
2011-01-04 2423 12960 3442 18825
2011-01-05 2424 12984 3453 18861
2011-01-06 2424 13011 3464 18899
2011-01-07 2424 13042 3470 18936
2011-01-08 2425 13065 3470 18960
2011-01-09 2426 13089 3472 18987
2011-01-10 2427 13118 3478 19023
2011-01-11 2427 13146 3484 19057
2011-01-12 2428 13178 3505 19111
2011-01-13 2428 13210 3517 19155
2011-01-14 2429 13237 3521 19187
2011-01-15 2429 13262 3524 19215
2011-01-16 2429 13285 3532 19246
2011-01-17 2429 13308 3540 19277
2011-01-18 2429 13332 3548 19309
2011-01-19 2429 13361 3558 19348
2011-01-20 2430 13387 3562 19379
2011-01-21 2430 13408 3570 19408
2011-01-22 2430 13426 3575 19431
2011-01-23 2430 13447 3578 19455
2011-01-24 2430 13467 3592 19489
2011-01-25 2430 13504 3606 19540
2011-01-26 2430 13546 3616 19592
2011-01-27 2431 13583 3624 19638
2011-01-28 2431 13602 3629 19662
2011-01-29 2431 13616 3633 19680
2011-01-30 2432 13646 3641 19719
2011-01-31 2434 13679 3649 19762
2011-02-01 2434 13708 3662 19804
2011-02-02 2434 13748 3666 19848
2011-02-03 2434 13770 3674 19878
2011-02-04 2435 13784 3680 19899
2011-02-05 2439 13802 3682 19923
2011-02-06 2439 13818 3687 19944
2011-02-07 2439 13844 3693 19976
2011-02-08 2440 13884 3704 20028
2011-02-09 2441 13916 3714 20071
2011-02-10 2443 13940 3726 20109
2011-02-11 2443 13971 3735 20149
2011-02-12 2443 13995 3738 20176
2011-02-13 2443 14015 3741 20199
2011-02-14 2443 14059 3754 20256
2011-02-15 2445 14087 3762 20294
2011-02-16 2445 14110 3769 20324
2011-02-17 2446 14158 3775 20379
2011-02-18 2447 14184 3779 20410
2011-02-19 2448 14197 3784 20429
2011-02-20 2449 14222 3793 20464
2011-02-21 2449 14249 3802 20500
2011-02-22 2449 14284 3810 20543
2011-02-23 2450 14325 3813 20588
2011-02-24 2450 14352 3821 20623
2011-02-25 2450 14398 3826 20674
2011-02-26 2451 14420 3834 20705
2011-02-27 2451 14444 3843 20738
2011-02-28 2451 14468 3853 20772
2011-03-01 2452 14503 3860 20815
2011-03-02 2452 14533 3869 20854
2011-03-03 2452 14556 3875 20883
2011-03-04 2454 14579 3881 20914
2011-03-05 2454 14599 3885 20938
2011-03-06 2455 14628 3896 20979
2011-03-07 2455 14665 3909 21029
2011-03-08 2455 14684 3921 21060
2011-03-09 2456 14718 3925 21099
2011-03-10 2457 14745 3931 21133
2011-03-11 2459 14771 3936 21166
2011-03-12 2459 14781 3939 21179
2011-03-13 2459 14798 3945 21202
2011-03-14 2459 14824 3954 21237
2011-03-15 2459 14847 3963 21269
2011-03-16 2459 14874 3973 21306
2011-03-17 2461 14901 3989 21351
2011-03-18 2462 14934 3993 21389
2011-03-19 2462 14950 3997 21409
2011-03-20 2462 14974 4001 21437
2011-03-21 2462 14998 4001 21461
2011-03-22 2462 15036 4007 21505
2011-03-23 2462 15069 4012 21543
2011-03-24 2462 15103 4020 21585
2011-03-25 2462 15128 4031 21621
2011-03-26 2462 15144 4040 21646
2011-03-27 2462 15156 4048 21666
2011-03-28 2463 15197 4055 21715
2011-03-29 2463 15233 4068 21764
2011-03-30 2463 15254 4077 21794
2011-03-31 2465 15279 4088 21832
2011-04-01 2466 15306 4091 21863
2011-04-02 2466 15320 4098 21884
2011-04-03 2466 15337 4105 21908
2011-04-04 2466 15363 4110 21939
2011-04-05 2466 15391 4120 21977
2011-04-06 2466 15415 4127 22008
2011-04-07 2466 15444 4132 22042
2011-04-08 2466 15470 4137 22073
2011-04-09 2467 15492 4143 22102
2011-04-10 2467 15513 4150 22130
2011-04-11 2467 15545 4165 22177
2011-04-12 2467 15580 4171 22218
2011-04-13 2467 15620 4178 22265
2011-04-14 2468 15646 4189 22303
2011-04-15 2469 15674 4203 22346
2011-04-16 2469 15695 4207 22371
2011-04-17 2469 15713 4216 22398
2011-04-18 2469 15742 4224 22435
2011-04-19 2469 15773 4235 22477
2011-04-20 2470 15803 4240 22513
2011-04-21 2470 15827 4246 22543
2011-04-22 2470 15856 4256 22582
2011-04-23 2470 15872 4265 22607
2011-04-24 2470 15894 4269 22633
2011-04-25 2471 15910 4276 22657
2011-04-26 2471 15940 4285 22696
2011-04-27 2472 15965 4290 22727
2011-04-28 2472 15985 4295 22752
2011-04-29 2472 16020 4302 22794
2011-04-30 2473 16040 4305 22818
2011-05-01 2475 16064 4310 22849
2011-05-02 2475 16090 4320 22885
2011-05-03 2476 16127 4322 22925
2011-05-04 2476 16152 4331 22959
2011-05-05 2476 16187 4340 23003
2011-05-06 2476 16210 4349 23035
2011-05-07 2476 16234 4353 23063
2011-05-08 2477 16252 4357 23086
2011-05-09 2478 16277 4362 23117
2011-05-10 2478 16309 4367 23154
2011-05-11 2479 16343 4377 23199
2011-05-12 2480 16376 4385 23241
2011-05-13 2480 16400 4401 23281
2011-05-14 2480 16423 4405 23308
2011-05-15 2481 16446 4407 23334
2011-05-16 2481 16483 4412 23376
2011-05-17 2481 16518 4430 23429
2011-05-18 2481 16559 4442 23482
2011-05-19 2481 16593 4454 23528
2011-05-20 2481 16628 4464 23573
2011-05-21 2481 16646 4468 23595
2011-05-22 2481 16672 4477 23630
2011-05-23 2481 16709 4483 23673
2011-05-24 2481 16748 4489 23718
2011-05-25 2481 16779 4499 23759
2011-05-26 2481 16809 4504 23794
2011-05-27 2482 16833 4510 23825
2011-05-28 2482 16847 4517 23846
2011-05-29 2482 16869 4523 23874
2011-05-30 2482 16891 4534 23907
2011-05-31 2482 16917 4551 23950
2011-06-01 2482 16952 4562 23996
2011-06-02 2482 16981 4578 24041
2011-06-03 2482 17005 4583 24070
2011-06-04 2482 17023 4586 24091
2011-06-05 2482 17049 4592 24123
2011-06-06 2482 17082 4596 24160
2011-06-07 2482 17112 4601 24195
2011-06-08 2482 17154 4608 24244
2011-06-09 2482 17185 4623 24290
2011-06-10 2483 17209 4630 24322
2011-06-11 2483 17222 4640 24345
2011-06-12 2483 17248 4650 24381
2011-06-13 2483 17265 4661 24409
2011-06-14 2484 17293 4669 24446
2011-06-15 2484 17315 4679 24478
2011-06-16 2484 17360 4688 24532
2011-06-17 2484 17390 4693 24567
2011-06-18 2484 17405 4696 24585
2011-06-19 2484 17418 4700 24602
2011-06-20 2485 17441 4704 24630
2011-06-21 2485 17477 4708 24670
2011-06-22 2485 17501 4719 24705
2011-06-23 2485 17524 4728 24737
2011-06-24 2485 17555 4740 24780
2011-06-25 2485 17565 4750 24800
2011-06-26 2486 17590 4753 24829
2011-06-27 2486 17615 4762 24863
2011-06-28 2486 17640 4774 24900
2011-06-29 2486 17673 4781 24940
2011-06-30 2486 17703 4791 24980
2011-07-01 2486 17740 4800 25026
2011-07-02 2486 17760 4804 25050
2011-07-03 2486 17776 4812 25074
2011-07-04 2486 17798 4817 25101
2011-07-05 2487 17836 4823 25146
2011-07-06 2487 17866 4826 25179
2011-07-07 2487 17898 4833 25218
2011-07-08 2487 17927 4841 25255
2011-07-09 2488 17948 4845 25281
2011-07-10 2488 17958 4847 25293
2011-07-11 2488 17986 4854 25328
2011-07-12 2489 18019 4862 25370
2011-07-13 2489 18058 4870 25417
2011-07-14 2489 18089 4879 25457
2011-07-15 2489 18117 4887 25493
2011-07-16 2489 18136 4891 25516
2011-07-17 2489 18155 4894 25538
2011-07-18 2489 18185 4901 25575
2011-07-19 2489 18217 4906 25612
2011-07-20 2489 18244 4913 25646
2011-07-21 2489 18268 4926 25683
2011-07-22 2489 18289 4936 25714
2011-07-23 2489 18306 4941 25736
2011-07-24 2489 18329 4945 25763
2011-07-25 2490 18353 4948 25791
2011-07-26 2490 18378 4967 25835
2011-07-27 2490 18396 4971 25857
2011-07-28 2490 18421 4982 25893
2011-07-29 2490 18446 4984 25920
2011-07-30 2490 18460 4989 25939
2011-07-31 2490 18481 4995 25966
2011-08-01 2490 18504 5004 25998
2011-08-02 2490 18528 5013 26031
2011-08-03 2490 18565 5024 26079
2011-08-04 2490 18584 5034 26108
2011-08-05 2490 18608 5044 26142
2011-08-06 2490 18617 5050 26157
2011-08-07 2490 18634 5060 26184
2011-08-08 2490 18651 5072 26213
2011-08-09 2490 18685 5080 26255
2011-08-10 2490 18718 5090 26298
2011-08-11 2490 18749 5103 26342
2011-08-12 2490 18775 5111 26376
2011-08-13 2491 18789 5114 26394
2011-08-14 2491 18807 5121 26419
2011-08-15 2492 18834 5128 26454
2011-08-16 2492 18858 5131 26481
2011-08-17 2492 18887 5143 26522
2011-08-18 2492 18914 5148 26554
2011-08-19 2493 18953 5160 26606
2011-08-20 2493 18975 5166 26634
2011-08-21 2493 18988 5175 26656
2011-08-22 2493 19012 5185 26690
2011-08-23 2493 19039 5193 26725
2011-08-24 2493 19076 5202 26771
2011-08-25 2493 19106 5216 26815
2011-08-26 2493 19139 5226 26858
2011-08-27 2493 19158 5235 26886
2011-08-28 2494 19191 5239 26924
2011-08-29 2494 19220 5248 26962
2011-08-30 2494 19249 5254 26997
2011-08-31 2494 19278 5258 27030
2011-09-01 2494 19303 5267 27064
2011-09-02 2494 19335 5273 27102
2011-09-03 2494 19359 5279 27132
2011-09-04 2494 19373 5282 27149
2011-09-05 2496 19412 5292 27200
2011-09-06 2496 19436 5300 27232
2011-09-07 2496 19470 5309 27275
2011-09-08 2497 19506 5317 27320
2011-09-09 2497 19536 5324 27357
2011-09-10 2499 19565 5329 27393
2011-09-11 2499 19598 5333 27430
2011-09-12 2499 19632 5340 27471
2011-09-13 2499 19662 5353 27514
2011-09-14 2499 19700 5364 27563
2011-09-15 2499 19744 5374 27617
2011-09-16 2499 19772 5388 27659
2011-09-17 2499 19810 5392 27701
2011-09-18 2499 19828 5396 27723
2011-09-19 2499 19854 5405 27758
2011-09-20 2499 19887 5420 27806
2011-09-21 2499 19921 5433 27853
2011-09-22 2500 19944 5448 27892
2011-09-23 2500 19975 5454 27929
2011-09-24 2500 19996 5458 27954
2011-09-25 2500 20021 5467 27988
2011-09-26 2501 20046 5482 28029
2011-09-27 2501 20081 5494 28076
2011-09-28 2501 20104 5505 28110
2011-09-29 2501 20122 5511 28134
2011-09-30 2501 20155 5518 28174
2011-10-01 2502 20170 5523 28195
2011-10-02 2502 20187 5527 28216
2011-10-03 2502 20211 5535 28248
2011-10-04 2502 20238 5545 28285
2011-10-05 2502 20267 5556 28325
2011-10-06 2502 20290 5566 28358
2011-10-07 2502 20314 5582 28398
2011-10-08 2503 20330 5591 28424
2011-10-09 2503 20344 5594 28441
2011-10-10 2503 20372 5600 28475
2011-10-11 2503 20398 5610 28511
2011-10-12 2504 20436 5619 28559
2011-10-13 2504 20472 5631 28607
2011-10-14 2504 20501 5639 28644
2011-10-15 2504 20515 5648 28667
2011-10-16 2504 20534 5657 28695
2011-10-17 2504 20568 5665 28737
2011-10-18 2504 20598 5676 28778
2011-10-19 2504 20639 5684 28827
2011-10-20 2504 20662 5701 28867
2011-10-21 2506 20691 5707 28904
2011-10-22 2506 20716 5713 28935
2011-10-23 2506 20740 5722 28968
2011-10-24 2506 20772 5730 29008
2011-10-25 2506 20804 5742 29052
2011-10-26 2506 20836 5748 29090
2011-10-27 2506 20854 5761 29121
2011-10-28 2506 20881 5773 29160
2011-10-29 2506 20892 5781 29179
2011-10-30 2506 20911 5785 29202
2011-10-31 2506 20945 5795 29246
2011-11-01 2506 20980 5801 29287
2011-11-02 2506 21009 5807 29322
2011-11-03 2506 21038 5822 29366
2011-11-04 2506 21069 5833 29408
2011-11-05 2506 21084 5837 29427
2011-11-06 2506 21109 5845 29460
2011-11-07 2506 21138 5855 29499
2011-11-08 2506 21163 5870 29539
2011-11-09 2506 21188 5879 29573
2011-11-10 2507 21221 5889 29617
2011-11-11 2507 21246 5905 29658
2011-11-12 2507 21266 5912 29685
2011-11-13 2507 21291 5915 29713
2011-11-14 2507 21313 5927 29747
2011-11-15 2507 21349 5940 29796
2011-11-16 2508 21377 5953 29838
2011-11-17 2508 21405 5960 29873
2011-11-18 2508 21431 5976 29915
2011-11-19 2508 21453 5981 29942
2011-11-20 2508 21469 5987 29964
2011-11-21 2508 21508 5999 30015
2011-11-22 2508 21535 6016 30059
2011-11-23 2508 21580 6028 30116
2011-11-24 2508 21603 6038 30149
2011-11-25 2508 21628 6043 30179
2011-11-26 2508 21645 6051 30204
2011-11-27 2508 21663 6056 30227
2011-11-28 2508 21691 6064 30263
2011-11-29 2508 21719 6080 30307
2011-11-30 2508 21767 6091 30366
2011-12-01 2508 21798 6102 30408
2011-12-02 2508 21831 6113 30452
2011-12-03 2509 21860 6116 30485
2011-12-04 2509 21887 6118 30514
2011-12-05 2509 21914 6126 30549
2011-12-06 2509 21935 6139 30583
2011-12-07 2509 21966 6152 30627
2011-12-08 2510 22004 6165 30679
2011-12-09 2510 22038 6176 30724
2011-12-10 2510 22055 6179 30744
2011-12-11 2510 22082 6181 30773
2011-12-12 2510 22111 6186 30807
2011-12-13 2511 22143 6196 30850
2011-12-14 2512 22182 6210 30904
2011-12-15 2512 22217 6226 30955
2011-12-16 2512 22241 6240 30993
2011-12-17 2512 22261 6251 31024
2011-12-18 2513 22273 6258 31044
2011-12-19 2513 22305 6265 31083
2011-12-20 2514 22323 6272 31109
2011-12-21 2514 22343 6281 31138
2011-12-22 2514 22372 6289 31175
2011-12-23 2514 22398 6295 31207
2011-12-24 2514 22405 6303 31222
2011-12-25 2514 22418 6306 31238
2011-12-26 2514 22430 6310 31254
2011-12-27 2514 22450 6316 31280
2011-12-28 2514 22472 6325 31311
2011-12-29 2514 22495 6334 31343
2011-12-30 2515 22515 6338 31368
2011-12-31 2516 22528 6341 31385
2012-01-01 2516 22540 6347 31403
2012-01-02 2517 22568 6356 31441
2012-01-03 2517 22592 6363 31472
2012-01-04 2518 22617 6375 31510
2012-01-05 2518 22652 6384 31554
2012-01-06 2518 22699 6395 31612
2012-01-07 2518 22700 6399 31617
2012-01-08 2518 22700 6399 31617
2012-01-09 2518 22700 6399 31617
2012-01-10 2518 22702 6400 31620
2012-01-11 2518 22703 6400 31621
2012-01-12 2518 22703 6400 31621
2012-01-13 2518 22703 6400 31621
2012-01-14 2518 22703 6400 31621
2012-01-15 2518 22704 6400 31622
2012-01-16 2518 22705 6400 31623
2012-01-17 2518 22707 6400 31625
2012-01-18 2518 22708 6400 31626
2012-01-19 2518 22709 6400 31627
2012-01-20 2518 22709 6401 31628
2012-01-21 2518 22709 6401 31628
2012-01-22 2518 22709 6401 31628
2012-01-23 2518 22709 6401 31628
2012-01-24 2518 22710 6401 31629
2012-01-25 2518 22710 6401 31629
2012-01-26 2518 22710 6401 31629
2012-01-27 2518 22710 6401 31629
2012-01-28 2518 22712 6401 31631
2012-01-29 2518 22712 6401 31631
2012-01-30 2518 22712 6401 31631
2012-01-31 2518 22712 6401 31631
2012-02-01 2518 22712 6401 31631
2012-02-02 2518 22713 6401 31632
2012-02-03 2518 22713 6401 31632
2012-02-04 2518 22713 6402 31633
2012-02-05 2518 22713 6402 31633
2012-02-06 2518 22713 6402 31633
2012-02-07 2518 22713 6402 31633
